3.2832400798797607
3.095324754714966
1.9419128894805908
1.827813744544983
1.3018064498901367
1.538215160369873
1.3950828313827515
1.2323250770568848
1.2870410680770874
1.086725115776062
1.0473190546035767
1.134704828262329
0.8895205855369568
0.9172564744949341
0.8601023554801941
0.7847416400909424
0.9921876192092896
0.6151056885719299
0.5447456240653992
0.5826155543327332
0.6469519138336182
0.8745868802070618
0.7565160393714905
0.5704757571220398
0.44574174284935
0.5210404992103577
0.6696265935897827
0.5686891078948975
0.5400357246398926
0.5304893255233765
0.6821054816246033
0.4828457534313202
0.6457673907279968
0.45817840099334717
0.5081634521484375
0.4011153280735016
0.41301941871643066
0.5357378721237183
0.5294395685195923
0.5527210235595703
0.4470122158527374
0.4031422436237335
0.37308430671691895
0.3820246756076813
0.45705291628837585
0.44861531257629395
0.6071739792823792
0.2730953097343445
0.3655001223087311
0.3338652551174164
0.4667849838733673
0.45649099349975586
0.4300355613231659
0.3197636008262634
0.44602614641189575
0.3087431788444519
0.2834051549434662
0.5591230392456055
0.33306819200515747
0.42507392168045044
0.28363466262817383
0.2860419750213623
0.4455953538417816
0.36846277117729187
0.25484511256217957
0.40863317251205444
0.36167189478874207
0.34406742453575134
0.29945820569992065
0.4171145558357239
0.2713552713394165
0.40352416038513184
0.3185414969921112
0.3081309199333191
0.4303539991378784
0.426664263010025
0.2981565594673157
0.3920585513114929
0.29162606596946716
0.35637378692626953
0.30581626296043396
0.3081098198890686
0.30561506748199463
0.2575027048587799
0.4069056510925293
0.36489060521125793
0.2968671917915344
0.3224059045314789
0.340823233127594
0.4055095911026001
0.28225335478782654
0.24753066897392273
0.2852811813354492
0.5012033581733704
0.2825793921947479
0.2162722796201706
0.2716101408004761
0.2127630114555359
0.24498867988586426
0.22060711681842804
0.19089940190315247
0.29093456268310547
0.20893634855747223
0.449067085981369
0.2107066661119461
0.2843339145183563
0.24607090651988983
0.31784775853157043
0.2995305359363556
0.2775481045246124
0.16633863747119904
0.21277198195457458
0.253248393535614
0.29959020018577576
0.19291546940803528
0.27289706468582153
0.32852551341056824
0.23330853879451752
0.16623014211654663
0.27383071184158325
0.41452550888061523
0.4407116174697876
0.5231841802597046
0.23888196051120758
0.2851850986480713
0.2668398320674896
0.3773084878921509
0.3225835859775543
0.1764896959066391
0.2853844165802002
0.38824039697647095
0.33254867792129517
0.22199782729148865
0.31784626841545105
0.33020734786987305
0.18440772593021393
0.28806260228157043
0.32998353242874146
0.2896419167518616
0.18957974016666412
0.2302023023366928
0.18882590532302856
0.2753724753856659
0.2837446331977844
0.28726381063461304
0.13575702905654907
0.21723408997058868
0.33419618010520935
0.16936010122299194
0.29514238238334656
0.22784456610679626
0.2135884165763855
0.16882821917533875
0.3101750612258911
0.19872643053531647
0.20972993969917297
0.2239895910024643
0.18924865126609802
0.1707143932580948
0.2036605030298233
0.3004569411277771
0.1602756530046463
0.14795680344104767
0.3162262439727783
0.22744809091091156
0.23165811598300934
0.2179780900478363
0.24248169362545013
0.2283649444580078
0.22195851802825928
0.19230198860168457
0.14991819858551025
0.21709471940994263
0.20444627106189728
0.17274467647075653
0.10631593316793442
0.18732665479183197
0.15156865119934082
0.32038721442222595
0.21368378400802612
0.23977534472942352
0.12994617223739624
0.18856443464756012
0.1277320832014084
0.28134801983833313
0.22229090332984924
0.2373659312725067
0.23678812384605408
0.22113105654716492
0.19794656336307526
0.19427159428596497
0.29411399364471436
0.19540470838546753
0.1760091483592987
0.31952422857284546
0.1779497116804123
0.27168530225753784
0.26005950570106506
0.2436579316854477
0.1465817093849182
0.2587023377418518
0.20369720458984375
0.28690651059150696
0.15762674808502197
0.1848727911710739
0.15378758311271667
0.11561112850904465
0.2709020972251892
0.17005358636379242
0.19811981916427612
0.19687211513519287
0.1846257597208023
0.2422596961259842
0.1518876999616623
0.241264209151268
0.2037612944841385
0.100150465965271
0.23893651366233826
0.2039622962474823
0.20551243424415588
0.17585688829421997
0.14099839329719543
0.14934764802455902
0.12960325181484222
0.1144300103187561
0.17271313071250916
0.2407449632883072
0.25041499733924866
0.20117078721523285
0.2820439040660858
0.15737850964069366
0.19037051498889923
0.1027824878692627
0.28754034638404846
0.14758262038230896
0.1726667881011963
0.2528991401195526
0.12392781674861908
0.16419002413749695
0.14520461857318878
0.16738389432430267
0.1298767626285553
0.19865311682224274
0.16783805191516876
0.3052273690700531
0.24229250848293304
0.1675880402326584
0.10174718499183655
0.22394680976867676
0.13270191848278046
0.13883636891841888
0.1903483271598816
0.12465180456638336
0.1971181035041809
0.19689494371414185
0.14155377447605133
0.1845981329679489
0.12362953275442123
0.15739890933036804
0.3912745416164398
0.19464005529880524
0.15146400034427643
0.14753146469593048
0.1099441796541214
0.12204331904649734
0.25989389419555664
0.21645566821098328
0.23383864760398865
0.27082982659339905
0.14463742077350616
0.12155966460704803
0.1445988267660141
0.18393822014331818
0.13352994620800018
0.19160932302474976
0.1231970563530922
0.11155614256858826
0.23119455575942993
0.18130677938461304
0.15510860085487366
0.1396748125553131
0.1472720056772232
0.16080936789512634
0.22208979725837708
0.1810358613729477
0.0728687047958374
0.17697224020957947
0.29454854130744934
0.2085283100605011
0.13649828732013702
0.1810734122991562
0.19735565781593323
0.193878173828125
0.1482013612985611
0.11178754270076752
0.181565061211586
0.28129008412361145
0.17591321468353271
0.15600726008415222
0.14793649315834045
0.15248210728168488
0.1794692575931549
0.2826704978942871
0.15193472802639008
0.09551579505205154
0.2526136040687561
0.1428268998861313
0.19902068376541138
0.17503955960273743
0.16860100626945496
0.2022266834974289
0.15961003303527832
0.17769183218479156
0.08475913107395172
0.12866073846817017
0.19705256819725037
0.2402423620223999
0.16276808083057404
0.14007532596588135
0.3138173222541809
0.12105781584978104
0.12161287665367126
0.40985408425331116
0.18568958342075348
0.19756799936294556
0.3096267879009247
0.12289268523454666
0.19260075688362122
0.15597622096538544
0.18068814277648926
0.23372650146484375
0.1809767484664917
0.18663132190704346
0.14808885753154755
0.13879312574863434
0.167768657207489
0.13482992351055145
0.13689030706882477
0.3729758560657501
0.14730222523212433
0.21397680044174194
0.16323232650756836
0.2217133790254593
0.15284615755081177
0.10792063176631927
0.09830630570650101
0.10428764671087265
0.11630405485630035
0.1614741086959839
0.1597997099161148
0.16163232922554016
0.12429120391607285
0.20865267515182495
0.17914271354675293
0.20321688055992126
0.19197049736976624
0.12341760098934174
0.17104898393154144
0.16538766026496887
0.12275033444166183
0.12407286465167999
0.10935375094413757
0.11759984493255615
0.13515646755695343
0.20570968091487885
0.2036975473165512
0.09377821534872055
0.2509273588657379
0.14214344322681427
0.12414201349020004
0.0844174325466156
0.0645863488316536
0.13995449244976044
0.1589765101671219
0.10889644920825958
0.17029082775115967
0.1144580990076065
0.07529299706220627
0.09130457043647766
0.12969666719436646
0.32067030668258667
0.15899504721164703
0.1436454802751541
0.09459913522005081
0.11230801790952682
0.146043598651886
0.14486558735370636
0.1266096979379654
0.1472802311182022
0.1727970689535141
0.22509683668613434
0.13362693786621094
0.16043299436569214
0.21893487870693207
0.10597072541713715
0.1596425622701645
0.16149693727493286
0.2081666737794876
0.14229007065296173
0.14896735548973083
0.09337364137172699
0.13037842512130737
0.19105345010757446
0.07627467066049576
0.21506640315055847
0.18497531116008759
0.1175575777888298
0.2810673415660858
0.1538664698600769
0.23988381028175354
0.13771365582942963
0.11593681573867798
0.13409627974033356
0.08304665237665176
0.1478361338376999
0.20611755549907684
0.21157021820545197
0.09697971493005753
0.11738458275794983
0.14460915327072144
0.09448069334030151
0.23113273084163666
0.13930706679821014
0.08686037361621857
0.12551374733448029
0.10850699245929718
0.09732687473297119
0.09324691444635391
0.08164269477128983
0.23859067261219025
0.1133887767791748
0.08891775459051132
0.16551551222801208
0.18227797746658325
0.15454234182834625
0.13475726544857025
0.09751785546541214
0.1897401064634323
0.14513306319713593
0.12277653068304062
0.2119101583957672
0.1295579969882965
0.11594417691230774
0.16755926609039307
0.18579182028770447
0.1501508206129074
0.15437564253807068
0.18137839436531067
0.12918463349342346
0.13591066002845764
0.11585342139005661
0.14407142996788025
0.13611851632595062
0.2196476310491562
0.1491093933582306
0.18000450730323792
0.11941003054380417
0.11465378105640411
0.058043472468853
0.1125236377120018
0.11109857261180878
0.09887295961380005
0.1720164716243744
0.10800746828317642
0.14467193186283112
0.19556093215942383
0.1632869988679886
0.17125584185123444
0.11371542513370514
0.1471705138683319
0.2006698101758957
0.10909398645162582
0.05626562610268593
0.22204571962356567
0.20787812769412994
0.1917058676481247
0.1114330068230629
0.15659700334072113
0.11759193241596222
0.19168907403945923
0.2656119763851166
0.12097760289907455
0.08769168704748154
0.10687019675970078
0.18443168699741364
0.1170380562543869
0.15973076224327087
0.14976167678833008
0.0979505404829979
0.09679535776376724
0.07002364844083786
0.09576594829559326
0.23196746408939362
0.18747732043266296
0.1461215764284134
0.16789136826992035
0.16279344260692596
0.15282438695430756
0.10960137844085693
0.15323889255523682
0.1040712296962738
0.15021662414073944
0.1228896975517273
0.09898902475833893
0.12631350755691528
0.11330993473529816
0.12922978401184082
0.08219669759273529
0.1593606173992157
0.16405171155929565
0.106632761657238
0.1281438171863556
0.11520439386367798
0.06852339208126068
0.17535671591758728
0.22792986035346985
0.1635357290506363
0.06008310988545418
0.18207697570323944
0.19747638702392578
0.0978328287601471
0.16014304757118225
0.15831011533737183
0.09787188470363617
0.08626969903707504
0.10717379301786423
0.18286575376987457
0.07630810141563416
0.13006015121936798
0.09215123951435089
0.08721526712179184
0.07585857808589935
0.029380735009908676
0.09002972394227982
0.25744688510894775
0.1157759577035904
0.138706773519516
0.18433025479316711
0.1402054727077484
0.10178393870592117
0.1319667547941208
0.12107030302286148
0.11382351070642471
0.13521623611450195
0.11545497924089432
0.11679115146398544
0.18753738701343536
0.19334857165813446
0.11121173948049545
0.15455284714698792
0.14727716147899628
0.06131535395979881
0.128232941031456
0.1383688896894455
0.1997278928756714
0.11176380515098572
0.15655188262462616
0.10771738737821579
0.06134621798992157
0.0948987677693367
0.13774703443050385
0.13053542375564575
0.07544323056936264
0.10746122896671295
0.08392761647701263
0.15717844665050507
0.10778602957725525
0.1472046971321106
0.17409805953502655
0.0587259940803051
0.13360901176929474
0.16298602521419525
0.1766577959060669
0.05745123699307442
0.1491418182849884
0.20732945203781128
0.10722928494215012
0.08857008814811707
0.058081816881895065
0.15470072627067566
0.1424395740032196
0.1510048657655716
0.1371305137872696
0.24977198243141174
0.1608574390411377
0.10259222239255905
0.12219490110874176
0.08371567726135254
0.14663022756576538
0.07733450829982758
0.07514519989490509
0.11900925636291504
0.16377808153629303
0.13962359726428986
0.044790755957365036
0.11951474845409393
0.1185033917427063
0.07196477800607681
0.14256782829761505
0.046631038188934326
0.09190505743026733
0.08222659677267075
0.04799644649028778
0.07673583924770355
0.08186250180006027
0.15011103451251984
0.13316106796264648
0.05368102341890335
0.09945295751094818
0.07561170309782028
0.11560175567865372
0.21638798713684082
0.20384623110294342
0.10059415549039841
0.08145502954721451
0.09354009479284286
0.0812186747789383
0.11999423056840897
0.16291610896587372
0.0992501825094223
0.10780016332864761
0.11761575192213058
0.14236575365066528
0.07594641298055649
0.13015136122703552
0.12150324136018753
0.10031242668628693
0.12438070774078369
0.12142270058393478
0.1484573781490326
0.15220984816551208
0.13447245955467224
0.11010551452636719
0.09192384034395218
0.11123508214950562
0.10349449515342712
0.16932648420333862
0.08229552209377289
0.16430534422397614
0.16000129282474518
0.14773432910442352
0.08024135231971741
0.07507971674203873
0.08236822485923767
0.10127326101064682
0.12569771707057953
0.15217646956443787
0.09935649484395981
0.04595691338181496
0.1273946315050125
0.1850663274526596
0.1559818834066391
0.1529584527015686
0.17360198497772217
0.12557396292686462
0.13214531540870667
0.07390134781599045
0.1318177729845047
0.045115262269973755
0.11504057794809341
0.1300009787082672
0.06931085884571075
0.1331571638584137
0.07611415535211563
0.10821455717086792
0.13077302277088165
0.1900789439678192
0.09968481212854385
0.12263789027929306
0.1977333128452301
0.13956858217716217
0.06303901970386505
0.06703458726406097
0.1738666445016861
0.12529216706752777
0.14361576735973358
0.14836516976356506
0.16829365491867065
0.196764275431633
0.07551857829093933
0.13207797706127167
0.08431588858366013
0.18958202004432678
0.1239018514752388
0.17176060378551483
0.102155402302742
0.12442441284656525
0.1627558022737503
0.11251407861709595
0.1458984911441803
0.07424009591341019
0.1198921725153923
0.05995216220617294
0.19662150740623474
0.09087269753217697
0.12849515676498413
0.11636966466903687
0.1622055172920227
0.1268007457256317
0.10820455104112625
0.1429700255393982
0.07951261848211288
0.17499174177646637
0.15148374438285828
0.057216204702854156
0.08901882916688919
0.047388043254613876
0.13923917710781097
0.04691527038812637
0.09152496606111526
0.11378684639930725
0.10479786992073059
0.12335743010044098
0.10372908413410187
0.0195876844227314
0.10330498963594437
0.13281552493572235
0.04880205914378166
0.11117604374885559
0.06697256118059158
0.12697665393352509
0.026697931811213493
0.11736255884170532
0.11507270485162735
0.07225281000137329
0.04269833117723465
0.051084570586681366
0.13704712688922882
0.18329565227031708
0.026425030082464218
0.1310242861509323
0.10154883563518524
0.11878195405006409
0.10204683244228363
0.09298437833786011
0.13610903918743134
0.08657245337963104
0.07591043412685394
0.13059274852275848
0.061061546206474304
0.06497602164745331
0.10004299134016037
0.07447025179862976
0.08069717884063721
0.13253164291381836
0.14624062180519104
0.11079137027263641
0.10961120575666428
0.07309867441654205
0.05195298045873642
0.16516481339931488
0.2112451195716858
0.08361222594976425
0.10663972795009613
0.1363341063261032
0.044356413185596466
0.14470934867858887
0.10069748014211655
0.051866695284843445
0.11668680608272552
0.10810340940952301
0.09707936644554138
0.11673493683338165
0.17819815874099731
0.10853642970323563
0.08997562527656555
0.09473744034767151
0.06094975769519806
0.09696435928344727
0.15794990956783295
0.10962501168251038
0.11960816383361816
0.10591627657413483
0.125884547829628
0.23250289261341095
0.1022806242108345
0.15936881303787231
0.07516859471797943
0.12229311466217041
0.054534606635570526
0.08870632201433182
0.10261842608451843
0.04856233671307564
0.09812746942043304
0.12872053682804108
0.18400786817073822
0.1338331550359726
0.05582164600491524
0.09363772720098495
0.18144485354423523
0.06531374156475067
0.05589932203292847
0.09719148278236389
0.04025638476014137
0.2019186168909073
0.08082880824804306
0.08339601755142212
0.10013783723115921
0.09329260140657425
0.07865627110004425
0.20719459652900696
0.22298261523246765
0.09916744381189346
0.18286114931106567
0.10905507206916809
0.047562532126903534
0.1223335787653923
0.07564438134431839
0.08205558359622955
0.04122765734791756
0.08942654728889465
0.07281002402305603
0.11224539577960968
0.06864560395479202
0.16357159614562988
0.06814257800579071
0.03173103183507919
0.10157172381877899
0.12505733966827393
0.18133708834648132
0.11063414067029953
0.1444791704416275
0.08771371096372604
0.1448434740304947
0.083368681371212
0.1153324618935585
0.07985562831163406
0.23810788989067078
0.0981070026755333
0.2672649025917053
0.14244163036346436
0.14785721898078918
0.1520490199327469
0.07960935682058334
0.09716545790433884
0.17668138444423676
0.0951000228524208
0.06574686616659164
0.08840663731098175
0.040750253945589066
0.11245977133512497
0.10668216645717621
0.05258169025182724
0.05395849049091339
0.12014025449752808
0.11241555213928223
0.10386477410793304
0.0820564553141594
0.06293845921754837
0.08270331472158432
0.13086913526058197
0.02571197599172592
0.1286161243915558
0.11132064461708069
0.0463983416557312
0.0631100982427597
0.06356678903102875
0.13062770664691925
0.12346623837947845
0.10416048020124435
0.10085781663656235
0.06646306067705154
0.13949839770793915
0.08991459757089615
0.15449368953704834
0.06622443348169327
0.07837077975273132
0.14249172806739807
0.17798995971679688
0.0891401469707489
0.056772638112306595
0.08083426207304001
0.11613793671131134
0.16015256941318512
0.09662006795406342
0.057478416711091995
0.12489021569490433
0.061562564224004745
0.15443576872348785
0.06743928790092468
0.09225738793611526
0.14371751248836517
0.05768103897571564
0.056773778051137924
0.12424206733703613
0.16450946033000946
0.06605830043554306
0.07173187285661697
0.10153763741254807
0.06599681079387665
0.07774945348501205
0.13020233809947968
0.10026396065950394
0.06042002886533737
0.07278219610452652
0.08328038454055786
0.07460691034793854
0.1672307252883911
0.09057367593050003
0.090412437915802
0.09456412494182587
0.20425909757614136
0.09080949425697327
0.09668634831905365
0.03812210261821747
0.0740661472082138
0.033830173313617706
0.021935241296887398
0.10458783805370331
0.08244699239730835
0.10680549591779709
0.1108691543340683
0.07419412583112717
0.22476372122764587
0.07287947833538055
0.08992097526788712
0.10624948143959045
0.12351441383361816
0.1475450098514557
0.054408684372901917
0.05780318006873131
0.09094245731830597
0.12920638918876648
0.04169553890824318
0.139738991856575
0.08667825162410736
0.07324625551700592
0.06103513762354851
0.11424672603607178
0.0806211307644844
0.054252076894044876
0.12038873136043549
0.06882262229919434
0.03611119091510773
0.11282031983137131
0.09808191657066345
0.11121067404747009
0.09701983630657196
0.07117015868425369
0.07349458336830139
0.11776146292686462
0.050546061247587204
0.12530001997947693
0.03735373169183731
0.06983668357133865
0.08339064568281174
0.10614005476236343
0.046982038766145706
0.12828382849693298
0.15489335358142853
0.0321059376001358
0.08731206506490707
0.19534769654273987
0.0770634114742279
0.08560004085302353
0.08586577326059341
0.11189915984869003
0.038310736417770386
0.07512965053319931
0.0888451635837555
0.0965450182557106
0.08169827610254288
0.07866992056369781
0.1212019994854927
0.06836511194705963
0.17462733387947083
0.11827242374420166
0.11824336647987366
0.11358068138360977
0.059238139539957047
0.08564309775829315
0.07049918174743652
0.27290794253349304
0.06798607110977173
0.13976417481899261
0.05704106017947197
0.10435687750577927
0.09023433178663254
0.12192431092262268
0.07592121511697769
0.09264660626649857
0.09042559564113617
0.09503350406885147
0.07130631804466248
0.15295156836509705
0.0767030343413353
0.11541801691055298
0.10287993401288986
0.08513650298118591
0.12029406428337097
0.07952452450990677
0.10470683127641678
0.06397166103124619
0.09803188592195511
0.07265400886535645
0.08043352514505386
0.12962459027767181
0.05498958006501198
0.10573031008243561
0.10018008202314377
