9.001999855041504
6.322137355804443
4.385903358459473
4.8854804039001465
4.157958984375
2.8100407123565674
2.6517271995544434
2.3564157485961914
2.761786460876465
2.6238367557525635
3.0465810298919678
2.5836596488952637
2.9041075706481934
2.5514748096466064
2.113482713699341
2.463310956954956
2.5199131965637207
2.1713032722473145
2.1675283908843994
1.926605224609375
2.005347967147827
2.1850318908691406
2.1851320266723633
1.8629634380340576
1.916975498199463
1.8209611177444458
2.0908100605010986
1.9092868566513062
1.6917661428451538
1.7927449941635132
2.121076822280884
1.894792914390564
1.732232928276062
1.687279462814331
1.5818239450454712
1.7705196142196655
1.4752088785171509
1.638301968574524
1.478843331336975
1.3391398191452026
1.4482821226119995
1.8978533744812012
1.4398829936981201
1.5157160758972168
1.3811326026916504
1.5924041271209717
1.305937647819519
1.0540406703948975
1.3553014993667603
1.6017497777938843
1.2737090587615967
1.391556739807129
1.1678262948989868
1.641506552696228
1.5514986515045166
1.584045171737671
1.361696720123291
1.3141316175460815
1.333625316619873
1.2523307800292969
1.0110169649124146
1.0865485668182373
1.1831200122833252
1.2829711437225342
1.4018207788467407
1.3884427547454834
1.1455432176589966
0.8678309917449951
1.219285249710083
0.9865883588790894
1.1251245737075806
1.1079819202423096
1.150164008140564
1.1310535669326782
1.0449665784835815
0.8809647560119629
0.8235635161399841
1.1691941022872925
1.0678253173828125
0.8409663438796997
1.2059383392333984
1.0120296478271484
1.1031419038772583
1.1511802673339844
1.6299593448638916
0.9547744989395142
1.080264687538147
0.8062949180603027
1.0381280183792114
1.0803800821304321
0.9339169263839722
0.7615209817886353
0.7680885195732117
0.7542194724082947
1.2856570482254028
1.0242667198181152
0.9035578370094299
0.9820541143417358
1.2058216333389282
1.0709186792373657
1.0657503604888916
1.3880150318145752
0.9365835785865784
0.8416545391082764
0.9263384938240051
0.9736601710319519
1.0921627283096313
1.2545356750488281
0.9677316546440125
1.0693368911743164
1.1305129528045654
0.887898862361908
1.1879875659942627
0.9020578861236572
0.6983415484428406
1.0363636016845703
0.6870035529136658
0.7586166858673096
1.0426294803619385
0.8641611933708191
0.9769231081008911
0.736656904220581
0.8326383233070374
0.9879648089408875
0.7788649201393127
0.7317456007003784
0.8290458917617798
0.9952720403671265
0.7807206511497498
0.6509798765182495
0.8968700170516968
0.8790667653083801
0.7906203269958496
0.8593477606773376
0.948029100894928
0.6678060293197632
0.8770622611045837
0.847900390625
0.8251640200614929
0.8644951581954956
0.9868144989013672
0.9001131057739258
0.9250664114952087
0.9148900508880615
0.7416272163391113
0.8010638356208801
0.8365175724029541
0.9400764107704163
0.7977567315101624
0.7658405900001526
0.8492305278778076
0.7515720129013062
0.9711755514144897
0.8821995258331299
0.6782380938529968
0.5675636529922485
0.9144448637962341
0.8255547285079956
0.7622612714767456
0.7594375014305115
0.7475626468658447
0.6911085247993469
0.7002801299095154
0.8505826592445374
0.610446572303772
0.9154238104820251
1.0570193529129028
0.9690647125244141
0.7989886403083801
0.6811403632164001
0.5495134592056274
0.5297632813453674
0.912260115146637
0.9249977469444275
0.5696058869361877
0.751266360282898
0.8530349731445312
0.7445791363716125
0.7470710277557373
0.8743022680282593
0.9826940894126892
0.5940876007080078
0.571943998336792
0.8359490036964417
0.7376284003257751
0.6323394775390625
0.5729303359985352
0.6463498473167419
0.8065210580825806
0.8669199347496033
0.5660523176193237
0.7437953948974609
0.4794558584690094
0.7338898777961731
0.8107838034629822
0.6987623572349548
0.8085916042327881
0.666060209274292
0.7486408352851868
0.8182777762413025
0.942033588886261
0.7012054324150085
0.766257643699646
0.6574741005897522
0.6150516271591187
0.6995963454246521
0.6726158261299133
1.0104782581329346
0.5905895233154297
0.6287642121315002
0.7396261692047119
0.761376678943634
1.133747935295105
0.7206851840019226
0.6775060296058655
0.5094897747039795
0.5403828620910645
0.9449965357780457
0.6241324543952942
0.7296397089958191
0.8109511137008667
0.9113563299179077
0.475258469581604
0.42998287081718445
0.5159491300582886
0.7171749472618103
0.7641761898994446
0.6500614285469055
0.5708140134811401
0.7280418872833252
0.655382513999939
0.7175966501235962
0.5639979243278503
0.8977994918823242
0.7410184741020203
0.7449348568916321
0.8254477381706238
0.43715810775756836
0.6274815201759338
0.7057417035102844
0.6405823230743408
0.6881172060966492
0.7221022844314575
0.6605101227760315
0.5068199634552002
0.5354389548301697
0.5305145382881165
0.6837692260742188
0.6607300043106079
0.566550612449646
0.5073865652084351
0.6050513982772827
0.5904174447059631
0.7115672826766968
0.7480484247207642
0.7619114518165588
0.9186813235282898
0.6325680017471313
0.45082834362983704
0.5469570159912109
0.444346159696579
0.5195675492286682
0.4435677230358124
0.6510311961174011
0.6547695398330688
0.9493200778961182
0.5964295864105225
0.5458388328552246
0.6469606757164001
0.47930556535720825
0.5205010175704956
0.4402301013469696
0.616073489189148
0.6764612793922424
0.7034683227539062
0.6371375322341919
0.7893972396850586
0.5733100771903992
0.7947829961776733
0.39918309450149536
0.7972772717475891
0.5216920971870422
0.5653795599937439
0.5269768238067627
0.6801654696464539
0.6738221645355225
0.5297311544418335
0.6040685772895813
0.5277653932571411
0.5776532888412476
0.6253974437713623
0.5919260382652283
0.8006851077079773
0.6102594137191772
0.6081329584121704
0.3597540557384491
0.5481624007225037
0.5169736742973328
0.5908684134483337
0.5404660701751709
0.49285393953323364
0.5688995122909546
0.7026903033256531
0.5915102362632751
0.44744715094566345
0.6086344122886658
0.9686897993087769
0.525041401386261
0.7488881945610046
0.4635813534259796
0.4257908761501312
0.43813836574554443
0.3646400570869446
0.6219881772994995
0.4609397351741791
0.6374303102493286
0.9438079595565796
0.45323383808135986
0.7954616546630859
0.4778364598751068
0.6415435075759888
0.49306589365005493
0.5159850716590881
0.5590525269508362
0.4924895167350769
0.4981972277164459
0.762618362903595
0.594743549823761
0.5222514867782593
0.5325625538825989
0.4779636263847351
0.464196115732193
0.6450052857398987
0.5208669304847717
0.3781213164329529
0.4310062527656555
0.621812105178833
0.5770681500434875
0.5294708013534546
0.6011412143707275
0.5588651299476624
0.3544975817203522
0.46669912338256836
0.5420863628387451
0.6216833591461182
0.657731294631958
0.5790360569953918
0.4658692479133606
0.48065781593322754
0.47251367568969727
0.5609496831893921
0.49939462542533875
0.9024449586868286
0.38931190967559814
0.4042045474052429
0.4276318848133087
0.7239030003547668
0.5305308103561401
0.670139491558075
0.4730980396270752
0.5775272250175476
0.6388391852378845
0.5915085077285767
0.4914342164993286
0.5670638084411621
0.45659077167510986
0.6790037751197815
0.5628107190132141
0.670471727848053
0.6343272924423218
0.6232150197029114
0.4264027774333954
0.4959329664707184
0.5864813327789307
0.5648483037948608
0.7349571585655212
0.5505234003067017
0.620841383934021
0.48329228162765503
0.5312684178352356
0.44941475987434387
0.5367345213890076
0.4894775450229645
0.5979337096214294
0.7696215510368347
0.4567093849182129
0.5593281984329224
0.4713085889816284
0.48788782954216003
0.3508402407169342
0.42350029945373535
0.6811226606369019
0.37162184715270996
0.4650174081325531
0.5594642758369446
0.7480646371841431
0.36420172452926636
0.5228304862976074
0.4146046042442322
0.36812829971313477
0.5407059788703918
0.6619511842727661
0.5987434983253479
0.37638312578201294
0.45388734340667725
0.49294042587280273
0.5432608723640442
0.3935592472553253
0.6072632670402527
0.5088210105895996
0.4528326392173767
0.4974624514579773
0.43497517704963684
0.44741901755332947
0.5374850034713745
0.47929200530052185
0.43290919065475464
0.3819493353366852
0.563781201839447
0.5459648370742798
0.39600157737731934
0.30413320660591125
0.5876843333244324
0.5334903001785278
0.6324313879013062
0.5278596878051758
0.5431215167045593
0.538234531879425
0.3170414865016937
0.4058477580547333
0.5078133344650269
0.5514256954193115
0.4678351879119873
0.25356605648994446
0.5250877141952515
0.457184761762619
0.22264225780963898
0.36031463742256165
0.9085355401039124
0.4957823157310486
0.3082316517829895
0.5089268088340759
0.41925501823425293
0.7992430925369263
0.38233715295791626
0.5762642621994019
0.4186728596687317
0.5949655771255493
0.4309895932674408
0.4101344645023346
0.5083844661712646
0.4542471766471863
0.5435972213745117
0.37752652168273926
0.5873358249664307
0.49576324224472046
0.494985967874527
0.4864703416824341
0.38518038392066956
0.5586640238761902
0.32007157802581787
0.4723000228404999
0.32734745740890503
0.4146370589733124
0.35381171107292175
0.563133955001831
0.5184494256973267
0.5049344301223755
0.3579922318458557
0.8696585893630981
0.39027100801467896
0.607636034488678
0.270058274269104
0.48236560821533203
0.5151565074920654
0.37921082973480225
0.4982410669326782
0.6361265182495117
0.46317803859710693
0.6076904535293579
0.42643994092941284
0.46462154388427734
0.39088132977485657
0.5056188702583313
0.6030846834182739
0.3288692831993103
0.3031621277332306
0.7838192582130432
0.38747912645339966
0.3624659478664398
0.431153267621994
0.589826762676239
0.48116928339004517
0.6012725234031677
0.30869626998901367
0.49641305208206177
0.5818312764167786
0.2996259927749634
0.6192898154258728
0.4558368921279907
0.3297680616378784
0.3879566192626953
0.5008402466773987
0.4591946005821228
0.5856946706771851
0.396577388048172
0.5226768851280212
0.47510117292404175
0.2774100601673126
0.3973293602466583
0.3833913803100586
0.5427630543708801
0.3303444981575012
0.5666723847389221
0.34841904044151306
0.42309999465942383
0.5304632782936096
0.29112496972084045
0.4613918662071228
0.3354751467704773
0.454833984375
0.4970880150794983
0.37330877780914307
0.3437839150428772
0.5824974179267883
0.3668338358402252
0.3225705325603485
0.37272825837135315
0.35284748673439026
0.48856067657470703
0.7414330840110779
0.6161420941352844
0.3259519338607788
0.41801130771636963
0.3692573010921478
0.6670346856117249
0.26213809847831726
0.4247370660305023
0.48650893568992615
0.4504750669002533
0.39420685172080994
0.4387241005897522
0.43075796961784363
0.48294562101364136
0.47193554043769836
0.36001354455947876
0.38622161746025085
0.4117601811885834
0.3759039044380188
0.3029439449310303
0.457314133644104
0.36787790060043335
0.2824169993400574
0.4240904152393341
0.32012465596199036
0.2124394178390503
0.5732300877571106
0.41248366236686707
0.670963704586029
0.2634707987308502
0.2731657028198242
0.3176942467689514
0.39616432785987854
0.30278944969177246
0.6248700618743896
0.2888348400592804
0.5590714812278748
0.29376718401908875
0.3540816605091095
0.47789356112480164
0.20552882552146912
0.3418273329734802
0.42750605940818787
0.4474005103111267
0.3260684311389923
0.31950852274894714
0.6826367974281311
0.5080335736274719
0.33062005043029785
0.4181905686855316
0.4081321358680725
0.3674222528934479
0.358779639005661
0.3353641629219055
0.2943008542060852
0.39443331956863403
0.3164779543876648
0.546112596988678
0.3768634796142578
0.541172206401825
0.45759063959121704
0.43135538697242737
0.396240234375
0.7164492011070251
0.610448956489563
0.313816636800766
0.48265931010246277
0.3141993284225464
0.3409886360168457
0.3285425305366516
0.3594723343849182
0.3888125419616699
0.24522939324378967
0.3029920756816864
0.3586462438106537
0.4829258322715759
0.3945976793766022
0.27474263310432434
0.3903403580188751
0.5157051682472229
0.4075058400630951
0.29008015990257263
0.2634102404117584
0.3485892117023468
0.38811105489730835
0.33144626021385193
0.29402512311935425
0.33447712659835815
0.5806361436843872
0.3744070827960968
0.28314208984375
0.327560693025589
0.8201266527175903
0.26903581619262695
0.3915803134441376
0.34663304686546326
0.28154703974723816
0.3754821717739105
0.4618214964866638
0.45878514647483826
0.36982643604278564
0.3682256042957306
0.4170271158218384
0.33505338430404663
0.3433784544467926
0.2442021369934082
0.5001347064971924
0.4453243911266327
0.24157139658927917
0.4656526744365692
0.4461357593536377
0.2430133819580078
0.5037313103675842
0.4338620603084564
0.3544343411922455
0.45433416962623596
0.39754679799079895
0.563893735408783
0.4286225438117981
0.28692254424095154
0.5801595449447632
0.5490463376045227
0.5680157542228699
0.4642951488494873
0.3362453877925873
0.44785892963409424
0.35400041937828064
0.1768760234117508
0.41862162947654724
0.5697299242019653
0.5334831476211548
0.3840596377849579
0.361389696598053
0.2887168526649475
0.5659615397453308
0.41150233149528503
0.5216943621635437
0.5215567946434021
0.27494925260543823
0.3891315162181854
0.6557636260986328
0.32156357169151306
0.4240531623363495
0.5622633695602417
0.35090261697769165
0.5087354779243469
0.5489037036895752
0.4047878384590149
0.615229070186615
0.304033100605011
0.4598681628704071
0.47398045659065247
0.5962315797805786
0.3402128219604492
0.48906299471855164
0.28549060225486755
0.3157089650630951
0.45582589507102966
0.324040949344635
0.463448166847229
0.4850022494792938
0.4489874243736267
0.4825229346752167
0.353865385055542
0.25246086716651917
0.414271742105484
0.40626123547554016
0.2505371570587158
0.48832011222839355
0.44336554408073425
0.4603745937347412
0.5201125741004944
0.3164232075214386
0.5300703644752502
0.5414062738418579
0.3927922546863556
0.6255536079406738
0.45942041277885437
0.4623747169971466
0.47570332884788513
0.3179216682910919
0.5517169833183289
0.40469956398010254
0.42403239011764526
0.29121214151382446
0.21380966901779175
0.4100486636161804
0.301798939704895
0.25765591859817505
0.37767136096954346
0.36575910449028015
0.39027076959609985
0.4208632707595825
0.28709280490875244
0.2901126742362976
0.46954381465911865
0.412103533744812
0.3317950665950775
0.3305210471153259
0.3829177916049957
0.3712672293186188
0.35093459486961365
0.3335094451904297
0.3629303574562073
0.31252920627593994
0.24675537645816803
0.28654244542121887
0.3423139452934265
0.5094554424285889
0.2925505042076111
0.3430316150188446
0.2941039502620697
0.44542908668518066
0.4796544313430786
0.4318135976791382
0.37516430020332336
0.3226775825023651
0.2537594139575958
0.3422950208187103
0.298925518989563
0.4554149806499481
0.35280534625053406
0.3835969567298889
0.4507834315299988
0.22086499631404877
0.1548420935869217
0.4065513014793396
0.5563005805015564
0.31274300813674927
0.39781662821769714
0.2966878414154053
0.41511908173561096
0.3816099464893341
0.4355923533439636
0.3693090081214905
0.18528351187705994
0.4103125035762787
0.3726322054862976
0.4766924977302551
0.2787240147590637
0.19739221036434174
0.3312457799911499
0.4463489353656769
0.3484243154525757
0.33174705505371094
0.34951895475387573
0.5027927160263062
0.322078675031662
0.23967458307743073
0.29091012477874756
0.4192765951156616
0.37520527839660645
0.2950631380081177
0.3649534285068512
0.4364435374736786
0.34562933444976807
0.3262295126914978
0.4082782566547394
0.45410287380218506
0.61472088098526
0.4462782144546509
0.42337438464164734
0.20901653170585632
0.3119191825389862
0.4668974280357361
0.2325553447008133
0.39214038848876953
0.35612016916275024
0.49246272444725037
0.36085113883018494
0.32772862911224365
0.39024102687835693
0.3045428991317749
0.4004546105861664
0.28080424666404724
0.4113609194755554
0.42601263523101807
0.3897065222263336
0.31057363748550415
0.2199791669845581
0.3217896819114685
0.263009637594223
0.6517716646194458
0.26492324471473694
0.31275588274002075
0.5529559254646301
0.3247298300266266
0.6055074334144592
0.3328433632850647
0.3756588101387024
0.2681712508201599
0.4123819172382355
0.503322422504425
0.25600555539131165
0.4818520247936249
0.462431937456131
0.2857304513454437
0.3970404863357544
0.48600026965141296
0.3794301450252533
0.2580154538154602
0.38216105103492737
0.24892550706863403
0.2473597228527069
0.25588732957839966
0.35149693489074707
0.4102915823459625
0.3217065930366516
0.22123382985591888
0.27233585715293884
0.25887584686279297
0.3678790330886841
0.43427038192749023
0.33546075224876404
0.31883475184440613
0.33710622787475586
0.5213069319725037
0.31754282116889954
0.27123281359672546
0.32019922137260437
0.35099634528160095
0.40839430689811707
0.2246965765953064
0.3651382327079773
0.40709808468818665
0.3085462749004364
0.5217993855476379
0.2967149019241333
0.23405809700489044
0.33853840827941895
0.39839866757392883
0.3557260036468506
0.29677850008010864
0.37044453620910645
0.3804783523082733
0.20966486632823944
0.3126421868801117
0.26174452900886536
0.23535655438899994
0.6890129446983337
0.28175708651542664
0.3969491124153137
0.2691758871078491
0.3240218162536621
0.26851528882980347
0.2345624566078186
0.29642096161842346
0.37946847081184387
0.402304470539093
0.4172922670841217
0.3368222713470459
0.41022348403930664
0.3845193088054657
0.2141808271408081
0.4410717785358429
0.3906235694885254
0.23307804763317108
0.48551616072654724
0.3175289034843445
0.3728426992893219
0.30943912267684937
0.2446586638689041
0.2265518754720688
0.2223690301179886
0.4591713845729828
0.37609919905662537
0.3336328864097595
0.2832677364349365
0.2878129482269287
0.3521200716495514
0.2744685709476471
0.29189446568489075
0.4792899489402771
0.2707531452178955
0.5172005891799927
0.3680131137371063
0.40771904587745667
0.2834632694721222
0.30602705478668213
0.33488333225250244
0.3454884886741638
0.30806344747543335
0.34863483905792236
0.2702558636665344
0.39567264914512634
0.24157120287418365
0.172876238822937
0.41769638657569885
0.3236178457736969
0.3914739787578583
0.3847064971923828
0.2835935950279236
0.311488538980484
0.4991382956504822
0.2548903822898865
0.2728661596775055
0.3629782795906067
0.26540935039520264
0.3145996928215027
0.2725263833999634
0.4515485167503357
0.4315071105957031
0.2804473042488098
0.36491701006889343
0.27119216322898865
0.3342243432998657
0.32687240839004517
0.2937270402908325
0.34623536467552185
0.34216299653053284
0.26008862257003784
0.3422020673751831
0.24056610465049744
0.2914787828922272
0.3110390603542328
0.37982773780822754
0.35606104135513306
0.456076979637146
0.2394600659608841
0.32208970189094543
0.34394535422325134
0.47213980555534363
0.36541739106178284
0.31828054785728455
0.2943136692047119
0.2736634314060211
0.3392258286476135
0.48517751693725586
0.19910776615142822
0.34755149483680725
0.3166256844997406
0.23294898867607117
0.3022330701351166
0.23510658740997314
0.3467727601528168
0.4184172451496124
0.18276725709438324
0.2661857008934021
0.47932684421539307
0.2852000594139099
0.30080854892730713
0.2825627624988556
0.3991977870464325
0.19173093140125275
0.264511376619339
0.3978649079799652
0.229929119348526
0.45694661140441895
0.46396127343177795
0.2856452763080597
0.23303045332431793
0.26789146661758423
0.2972688674926758
0.2991597354412079
0.2890212833881378
0.36424922943115234
0.2123011201620102
0.28582704067230225
0.26997801661491394
0.12665750086307526
0.28422340750694275
0.2512478530406952
0.26581236720085144
0.3554476499557495
0.2749691903591156
0.27181121706962585
0.39943721890449524
0.2800006568431854
0.4127011001110077
0.2927394211292267
