3.2832400798797607
3.095324754714966
1.9419128894805908
1.827813744544983
1.3018064498901367
1.538215160369873
1.3950828313827515
1.2323250770568848
1.2870410680770874
1.086725115776062
1.0473190546035767
1.134704828262329
0.8895205855369568
0.9172564744949341
0.8601023554801941
0.7847416400909424
0.9921876192092896
0.6151056885719299
0.5447456240653992
0.5826155543327332
0.6469519138336182
0.8745868802070618
0.7565160393714905
0.5704757571220398
0.44574174284935
0.5210404992103577
0.6696265935897827
0.5686891078948975
0.5400357246398926
0.5304893255233765
0.6821054816246033
0.4828457534313202
0.6457673907279968
0.45817840099334717
0.5081634521484375
0.4011153280735016
0.41301941871643066
0.5357378721237183
0.5294395685195923
0.5527210235595703
0.4470122158527374
0.4031422436237335
0.37308430671691895
0.3820246756076813
0.45705291628837585
0.44861531257629395
0.6071739792823792
0.2730953097343445
0.3655001223087311
0.3338652551174164
0.4667849838733673
0.45649099349975586
0.4300355613231659
0.3197636008262634
0.44602614641189575
0.3087431788444519
0.2834051549434662
0.5591230392456055
0.33306819200515747
0.42507392168045044
0.28363466262817383
0.2860419750213623
0.4455953538417816
0.36846277117729187
0.25484511256217957
0.40863317251205444
0.36167189478874207
0.34406742453575134
0.29945820569992065
0.4171145558357239
0.2713552713394165
0.40352416038513184
0.3185414969921112
0.3081309199333191
0.4303539991378784
0.426664263010025
0.2981565594673157
0.3920585513114929
0.29162606596946716
0.35637378692626953
0.30581626296043396
0.3081098198890686
0.30561506748199463
0.2575027048587799
0.4069056510925293
0.36489060521125793
0.2968671917915344
0.3224059045314789
0.340823233127594
0.4055095911026001
0.28225335478782654
0.24753066897392273
0.2852811813354492
0.5012033581733704
0.2825793921947479
0.2162722796201706
0.2716101408004761
0.2127630114555359
0.24498867988586426
0.22060711681842804
0.16030719876289368
0.20105008780956268
0.2738500237464905
0.3098543882369995
0.2233022004365921
0.3010374903678894
0.36570554971694946
0.2345920354127884
0.16582612693309784
0.26368287205696106
0.47990545630455017
0.4550144076347351
0.5105037689208984
0.25687330961227417
0.306876003742218
0.2760321795940399
0.38637515902519226
0.3191397786140442
0.20216235518455505
0.25591984391212463
0.3915671408176422
0.35238000750541687
0.24082104861736298
0.29740723967552185
0.32536330819129944
0.188967764377594
0.26712021231651306
0.29952317476272583
0.29377859830856323
0.19801822304725647
0.24693822860717773
0.1921386867761612
0.24211916327476501
0.3181594908237457
0.2959805727005005
0.13925713300704956
0.2119448035955429
0.31810835003852844
0.16487012803554535
0.2915650010108948
0.24188071489334106
0.19784963130950928
0.15153108537197113
0.3491777181625366
0.19134953618049622
0.21834968030452728
0.22190307080745697
0.17841731011867523
0.16372142732143402
0.19198845326900482
0.2748669981956482
0.15058769285678864
0.17003461718559265
0.2656398117542267
0.21679702401161194
0.2600146532058716
0.2560390830039978
0.2466355860233307
0.2650660574436188
0.23777133226394653
0.2154049128293991
0.1791079193353653
0.20617550611495972
0.20386768877506256
0.17630532383918762
0.10284281522035599
0.20696140825748444
0.17205114662647247
0.3455987274646759
0.29248693585395813
0.22039695084095
0.1409398764371872
0.18726319074630737
0.15793943405151367
0.25634029507637024
0.20723165571689606
0.23445701599121094
0.23941287398338318
0.2139449119567871
0.23314382135868073
0.18662743270397186
0.30472418665885925
0.23565062880516052
0.16065175831317902
0.33448097109794617
0.13558903336524963
0.2544303834438324
0.251973032951355
0.20883889496326447
0.16405539214611053
0.19967511296272278
0.29881906509399414
0.33523979783058167
0.22091245651245117
0.24202494323253632
0.1602141112089157
0.14852112531661987
0.35024264454841614
0.11209370940923691
0.1342245638370514
0.1855393499135971
0.11864665895700455
0.16756829619407654
0.14807698130607605
0.1400720328092575
0.20195704698562622
0.3107418715953827
0.23653556406497955
0.21550631523132324
0.2734390199184418
0.12339165806770325
0.1687345951795578
0.10443234443664551
0.2741129696369171
0.18260228633880615
0.17470303177833557
0.2078959345817566
0.15651005506515503
0.17759352922439575
0.16381008923053741
0.1775568276643753
0.12316375970840454
0.18154671788215637
0.1671835333108902
0.3030345141887665
0.2550429403781891
0.18370120227336884
0.11308369040489197
0.262076735496521
0.1386765092611313
0.12026068568229675
0.19083352386951447
0.14496248960494995
0.18980155885219574
0.20021532475948334
0.14071498811244965
0.19457665085792542
0.13814201951026917
0.19218744337558746
0.3548864722251892
0.20221279561519623
0.1357802152633667
0.18043369054794312
0.13146169483661652
0.12255024164915085
0.23108360171318054
0.23513761162757874
0.23453280329704285
0.2546611726284027
0.16298818588256836
0.16200317442417145
0.14040853083133698
0.2109643518924713
0.12859730422496796
0.19281046092510223
0.137263685464859
0.11975878477096558
0.24521207809448242
0.16471725702285767
0.19048163294792175
0.14543378353118896
0.16619670391082764
0.14947210252285004
0.20871293544769287
0.17838922142982483
0.08590537309646606
0.1673082709312439
0.2837829887866974
0.20819753408432007
0.13812294602394104
0.20986071228981018
0.17389017343521118
0.2023557722568512
0.10696893185377121
0.1232544481754303
0.1972551792860031
0.3126172721385956
0.17093966901302338
0.17392484843730927
0.16477808356285095
0.12314411252737045
0.14023403823375702
0.0664893314242363
0.2449532002210617
0.07904081046581268
0.16226087510585785
0.12741118669509888
0.1422671526670456
0.22682279348373413
0.17537015676498413
0.14025013148784637
0.1313226968050003
0.29628413915634155
0.17578710615634918
0.15422607958316803
0.23734445869922638
0.13819003105163574
0.13314485549926758
0.11663174629211426
0.10410303622484207
0.23362599313259125
0.1915554404258728
0.19881828129291534
0.12480814754962921
0.17055296897888184
0.14935441315174103
0.16123303771018982
0.11790671199560165
0.3461654782295227
0.15910552442073822
0.19414333999156952
0.15198549628257751
0.1750619262456894
0.20421813428401947
0.11540514975786209
0.12554068863391876
0.11706915497779846
0.1438504457473755
0.16379688680171967
0.17247611284255981
0.13882514834403992
0.1261277049779892
0.179027259349823
0.19908253848552704
0.2102442979812622
0.22490404546260834
0.12432727962732315
0.1758628636598587
0.16679270565509796
0.12702344357967377
0.11175965517759323
0.11756917089223862
0.12456150352954865
0.13874176144599915
0.19145424664020538
0.19517594575881958
0.11857045441865921
0.2666228711605072
0.1470368504524231
0.10774648189544678
0.08135345578193665
0.07103722542524338
0.153704434633255
0.16081492602825165
0.11415880918502808
0.16798032820224762
0.13462252914905548
0.08301960676908493
0.0906357690691948
0.09302937239408493
0.30968865752220154
0.15370026230812073
0.19283127784729004
0.10483977943658829
0.11431855708360672
0.15888720750808716
0.14782452583312988
0.14435578882694244
0.15216760337352753
0.18499648571014404
0.1903534233570099
0.1521155685186386
0.20015071332454681
0.2030637413263321
0.13351131975650787
0.13299088180065155
0.17862017452716827
0.21807874739170074
0.12418568879365921
0.18151304125785828
0.16772803664207458
0.1692000776529312
0.09945454448461533
0.18218199908733368
0.27732425928115845
0.1436840146780014
0.147675558924675
0.09778422862291336
0.14583982527256012
0.10744941979646683
0.14105196297168732
0.15686795115470886
0.09550563246011734
0.1368934065103531
0.17206713557243347
0.10464835166931152
0.11393935978412628
0.1346994787454605
0.13188043236732483
0.21571487188339233
0.17145071923732758
0.177904412150383
0.1596023589372635
0.26106205582618713
0.11723341792821884
0.11776550114154816
0.08223606646060944
0.2893678843975067
0.16886185109615326
0.2131340354681015
0.1872721016407013
0.1535705327987671
0.12445284426212311
0.13086548447608948
0.20164847373962402
0.17122596502304077
0.16846297681331635
0.16822698712348938
0.14271306991577148
0.1642894297838211
0.10967330634593964
0.1587163507938385
0.14329342544078827
0.21058739721775055
0.14467500150203705
0.18928803503513336
0.14156420528888702
0.15118542313575745
0.08878771215677261
0.10019475966691971
0.12259971350431442
0.10911070555448532
0.15125037729740143
0.10197126120328903
0.12654709815979004
0.15312263369560242
0.1673537641763687
0.16458263993263245
0.11549746245145798
0.16320250928401947
0.15118607878684998
0.1169850155711174
0.049235280603170395
0.2635667026042938
0.21905286610126495
0.18225350975990295
0.11127232760190964
0.13987380266189575
0.09179864823818207
0.21558037400245667
0.21828389167785645
0.10739611089229584
0.10269668698310852
0.11923323571681976
0.16884496808052063
0.09653452038764954
0.19161880016326904
0.12622672319412231
0.12073926627635956
0.10846778750419617
0.08411765098571777
0.09047189354896545
0.21942023932933807
0.1435663253068924
0.14182429015636444
0.20044513046741486
0.15551413595676422
0.13993187248706818
0.13884931802749634
0.1446480005979538
0.08139985054731369
0.21199622750282288
0.13253749907016754
0.17512474954128265
0.06211911514401436
0.16035579144954681
0.13052086532115936
0.15692907571792603
0.07526619732379913
0.14022397994995117
0.23540781438350677
0.15954993665218353
0.21996033191680908
0.2522065341472626
0.18908369541168213
0.12989923357963562
0.1121552512049675
0.12129279971122742
0.0960574820637703
0.1438724845647812
0.10574127733707428
0.14472857117652893
0.08806148171424866
0.175307035446167
0.1604209542274475
0.1570078730583191
0.08900118619203568
0.26196759939193726
0.19993798434734344
0.15561996400356293
0.1934840977191925
0.1899186670780182
0.13653095066547394
0.10083278268575668
0.10742243379354477
0.09408159554004669
0.0974002480506897
0.09390851110219955
0.1663048416376114
0.22682887315750122
0.16148388385772705
0.10142133384943008
0.13008974492549896
0.12417197972536087
0.167634516954422
0.11809978634119034
0.16789399087429047
0.10760467499494553
0.04967064410448074
0.08513939380645752
0.1321122944355011
0.1722632199525833
0.0770602896809578
0.10380104184150696
0.07465866953134537
0.1603957563638687
0.11280590295791626
0.1323912888765335
0.15373359620571136
0.08873569965362549
0.12338905036449432
0.15631581842899323
0.157322958111763
0.0799739733338356
0.16332553327083588
0.1678076684474945
0.1476060152053833
0.09717059135437012
0.08370567113161087
0.22017814218997955
0.13989219069480896
0.17354080080986023
0.13513043522834778
0.24979881942272186
0.1639217734336853
0.12423360347747803
0.13304735720157623
0.07906996458768845
0.16547980904579163
0.1250903159379959
0.09210419654846191
0.12877708673477173
0.16012316942214966
0.11406674981117249
0.07857241481542587
0.13526728749275208
0.11521542817354202
0.08176099509000778
0.12460628151893616
0.05366404727101326
0.17687678337097168
0.17350010573863983
0.10417903959751129
0.12480901181697845
0.11882875859737396
0.19737575948238373
0.15234827995300293
0.17474427819252014
0.08709485083818436
0.13888736069202423
0.21265734732151031
0.06536900997161865
0.13083550333976746
0.10712317377328873
0.07270435988903046
0.07573490589857101
0.1541524976491928
0.17242823541164398
0.14703142642974854
0.09529036283493042
0.2111501842737198
0.12972392141819
0.06594431400299072
0.12748412787914276
0.06269368529319763
0.17410261929035187
0.0896209180355072
0.16718001663684845
0.24915049970149994
0.09635836631059647
0.18591196835041046
0.13345208764076233
0.12332921475172043
0.12974703311920166
0.14230751991271973
0.08564092963933945
0.1183609664440155
0.1257527470588684
0.07154159992933273
0.092133067548275
0.06290502101182938
0.14057883620262146
0.10370653867721558
0.09135854989290237
0.07691654562950134
0.18662810325622559
0.09808902442455292
0.11654899269342422
0.12948638200759888
0.15457169711589813
0.18358927965164185
0.09298056364059448
0.12059140205383301
0.05557887256145477
0.13033361732959747
0.0986725240945816
0.1628340631723404
0.11383870244026184
0.12888962030410767
0.15165236592292786
0.19560383260250092
0.06947576999664307
0.06613974273204803
0.16603653132915497
0.10940888524055481
0.11114924401044846
0.10832948982715607
0.15565338730812073
0.14815926551818848
0.07306937873363495
0.13476954400539398
0.09916064888238907
0.18453535437583923
0.09733017534017563
0.17838917672634125
0.11178261041641235
0.1215110793709755
0.18556760251522064
0.08859188854694366
0.147365003824234
0.08302101492881775
0.17392781376838684
0.07228904962539673
0.21075771749019623
0.11856511235237122
0.10900254547595978
0.0998150035738945
0.10176613181829453
0.14888645708560944
0.08495988696813583
0.10537353157997131
0.10137321799993515
0.09619840234518051
0.16182264685630798
0.05213930085301399
0.18474411964416504
0.11154721677303314
0.13600237667560577
0.11104456335306168
0.08494826406240463
0.22760933637619019
0.1742451936006546
0.13739421963691711
0.12980856001377106
0.14465829730033875
0.12285808473825455
0.15163786709308624
0.07545281201601028
0.04458094760775566
0.04502425342798233
0.11146494746208191
0.05477714538574219
0.1188105121254921
0.15686403214931488
0.13021941483020782
0.22423405945301056
0.10677215456962585
0.13555990159511566
0.1315975785255432
0.1263023018836975
0.08057079464197159
0.09778712689876556
0.19372457265853882
0.10832968354225159
0.09220676869153976
0.06094910204410553
0.11316533386707306
0.13749170303344727
0.2714509963989258
0.05371882766485214
0.12687353789806366
0.16532757878303528
0.10572788864374161
0.16459965705871582
0.09446829557418823
0.0752635970711708
0.14114627242088318
0.0876336321234703
0.12204794585704803
0.0826793909072876
0.15658579766750336
0.08377150446176529
0.10696456581354141
0.12268811464309692
0.14268922805786133
0.09987674653530121
0.21286652982234955
0.08329658210277557
0.12778256833553314
0.07994861900806427
0.11198457330465317
0.11544118076562881
0.1487121284008026
0.0998588502407074
0.22723864018917084
0.12492433935403824
0.18436108529567719
0.09630236774682999
0.10367222875356674
0.09930290281772614
0.05869785323739052
0.1201554387807846
0.07458443939685822
0.10180757939815521
0.12347324192523956
0.2085273265838623
0.17451748251914978
0.07042553275823593
0.08900930732488632
0.16712187230587006
0.06958311796188354
0.060303229838609695
0.08202437311410904
0.045277804136276245
0.2053644061088562
0.07861130684614182
0.07363980263471603
0.07428905367851257
0.11267697811126709
0.06603872030973434
0.10221222788095474
0.05267728120088577
0.14329569041728973
0.14065468311309814
0.19427070021629333
0.057092830538749695
0.19709908962249756
0.13624072074890137
0.09455912560224533
0.06646435707807541
0.0802498534321785
0.05834168195724487
0.055357158184051514
0.045217350125312805
0.1303541362285614
0.169002965092659
0.05043695494532585
0.13326989114284515
0.10078566521406174
0.12432204186916351
0.08446167409420013
0.13918836414813995
0.09383264183998108
0.10185742378234863
0.03912734612822533
0.1438494175672531
0.035727277398109436
0.07874083518981934
0.10744064301252365
0.06505625694990158
0.09675061702728271
0.10614053159952164
0.10168450325727463
0.13254360854625702
0.13980713486671448
0.16922083497047424
0.10724493861198425
0.12809376418590546
0.08342468738555908
0.07071070373058319
0.11869470030069351
0.1555771678686142
0.08064956218004227
0.10491509735584259
0.09055378288030624
0.0952293649315834
0.0862974226474762
0.13258624076843262
0.06376718729734421
0.06689276546239853
0.11334022879600525
0.054844800382852554
0.030396537855267525
0.1128789409995079
0.05617059767246246
0.08464779704809189
0.06269533932209015
0.17322547733783722
0.0984433963894844
0.21114034950733185
0.15666811168193817
0.10160259157419205
0.10997162014245987
0.07509595155715942
0.1010076031088829
0.13829314708709717
0.05914485827088356
0.173771470785141
0.06976236402988434
0.09264836460351944
0.06233229488134384
0.12867169082164764
0.05835292860865593
0.030037885531783104
0.14891330897808075
0.17113158106803894
0.07762942463159561
0.07475278526544571
0.12969352304935455
0.06918422132730484
0.05125589668750763
0.15045753121376038
0.09212911874055862
0.06845922768115997
0.0824025422334671
0.08190955966711044
0.0747222825884819
0.13361215591430664
0.08843684941530228
0.11163637787103653
0.16794349253177643
0.08698205649852753
0.05251799523830414
0.12628011405467987
0.12185592949390411
0.07803105562925339
0.09913627058267593
0.19938649237155914
0.08304385840892792
0.11329672485589981
0.1432293951511383
0.11761385947465897
0.11067821830511093
0.14255085587501526
0.10034717619419098
0.11569491028785706
0.09003342688083649
0.07846197485923767
0.20427632331848145
0.06402982771396637
0.06521264463663101
0.059416547417640686
0.034069210290908813
0.09233557432889938
0.12018316984176636
0.07666359841823578
0.05010591819882393
0.12938840687274933
0.06645635515451431
0.08229656517505646
0.044708557426929474
0.07617590576410294
0.15388789772987366
0.10488704591989517
0.149009108543396
0.14640960097312927
0.1100265234708786
0.05296793952584267
0.08474546670913696
0.05730145797133446
0.05658470839262009
0.06518633663654327
0.07159655541181564
0.07201135903596878
0.0521942563354969
0.10981445014476776
0.09063028544187546
0.10971031337976456
0.14378313720226288
0.04633771628141403
0.10150673240423203
0.1814020723104477
0.03348306193947792
0.2040669322013855
0.1399436742067337
0.11745670437812805
0.16772808134555817
0.037735797464847565
0.07721178978681564
0.055454280227422714
0.08051057159900665
0.09689633548259735
0.06545541435480118
0.14406529068946838
0.10510224848985672
0.20927827060222626
0.1598382443189621
0.14964991807937622
0.07119539380073547
0.06917669624090195
0.09659292548894882
0.062423087656497955
0.11986164003610611
0.07599811255931854
0.18723061680793762
0.12887707352638245
0.09921126067638397
0.07863650470972061
0.09256207942962646
0.09973306953907013
0.09192796796560287
0.09985978901386261
0.071174256503582
0.08629120141267776
0.08738253265619278
0.08942791819572449
0.12756410241127014
0.0604395866394043
0.10119437426328659
0.0845736712217331
0.07724743336439133
0.17325855791568756
0.13314732909202576
0.08485176414251328
0.21470792591571808
0.09938571602106094
0.0549735464155674
0.08719512075185776
0.13125744462013245
0.04097031429409981
0.08601061999797821
0.12080008536577225
0.12158134579658508
0.11172015219926834
0.11228342354297638
0.13986827433109283
0.09040260314941406
0.11701443046331406
0.14386849105358124
0.12387256324291229
0.14833177626132965
0.05727894604206085
0.12954950332641602
0.08617277443408966
0.03748362138867378
0.09808921813964844
0.06827755272388458
0.05441339313983917
0.06442484259605408
0.09185478836297989
0.05097946897149086
0.06980696320533752
0.06630340218544006
0.1742411106824875
0.07184015214443207
0.08689702302217484
0.0994296744465828
0.07515531033277512
0.0659470409154892
0.11322467774152756
0.1107134148478508
0.10672106593847275
0.11902984976768494
0.06067890673875809
0.15129275619983673
0.08519892394542694
0.11569220572710037
0.14208906888961792
0.059965070337057114
0.09624837338924408
0.10108265280723572
0.11415557563304901
0.053641173988580704
0.14108723402023315
0.08676237612962723
0.07971855998039246
0.048576321452856064
0.06437022238969803
0.170423686504364
0.1297268271446228
0.13826443254947662
0.10000235587358475
0.05099605396389961
0.09899380058050156
0.11082345247268677
0.03806179389357567
0.0490657277405262
0.14380818605422974
0.15117843449115753
0.20939673483371735
0.10310420393943787
0.0719047412276268
0.07269176840782166
0.06585559993982315
0.03930533304810524
0.11524605751037598
0.1649508774280548
0.07973044365644455
0.0755506232380867
0.05972815677523613
0.14142166078090668
0.13446646928787231
0.16232095658779144
0.08379507064819336
0.13119086623191833
0.05017678439617157
0.03976788371801376
0.11942283809185028
0.15537026524543762
0.14388050138950348
