9.001999855041504
6.322137355804443
4.385903358459473
4.8854804039001465
4.157958984375
2.8100407123565674
2.6517271995544434
2.3564157485961914
2.761786460876465
2.6238367557525635
3.0465810298919678
2.5836596488952637
2.9041075706481934
2.5514748096466064
2.113482713699341
2.463310956954956
2.5199131965637207
2.1713032722473145
2.1675283908843994
1.926605224609375
2.005347967147827
2.1850318908691406
2.1851320266723633
1.8629634380340576
1.916975498199463
1.8209611177444458
2.0908100605010986
1.9092868566513062
1.6917661428451538
1.7927449941635132
2.121076822280884
1.894792914390564
1.732232928276062
1.687279462814331
1.5818239450454712
1.7705196142196655
1.4752088785171509
1.638301968574524
1.478843331336975
1.3391398191452026
1.4482821226119995
1.8978533744812012
1.4398829936981201
1.5157160758972168
1.3811326026916504
1.5924041271209717
1.305937647819519
1.0540406703948975
1.3553014993667603
1.6017497777938843
1.2737090587615967
1.391556739807129
1.1678262948989868
1.641506552696228
1.5514986515045166
1.584045171737671
1.361696720123291
1.3141316175460815
1.333625316619873
1.2523307800292969
1.0110169649124146
1.0865485668182373
1.1831200122833252
1.2829711437225342
1.4018207788467407
1.3884427547454834
1.1455432176589966
0.8678309917449951
1.219285249710083
0.9865883588790894
1.1251245737075806
1.1079819202423096
1.150164008140564
1.1310535669326782
1.0449665784835815
0.8809647560119629
0.8235635161399841
1.1691941022872925
1.0678253173828125
0.8409663438796997
1.2059383392333984
1.0120296478271484
1.1031419038772583
1.1511802673339844
1.6299593448638916
0.9547744989395142
1.080264687538147
0.8062949180603027
1.0381280183792114
1.0803800821304321
0.9339169263839722
0.7615209817886353
0.7680885195732117
0.7542194724082947
1.2856570482254028
1.0242667198181152
0.9035578370094299
0.9820541143417358
1.2058216333389282
1.0709186792373657
0.9702675342559814
0.9182987213134766
0.9824081659317017
0.8316792845726013
0.9697874784469604
0.8255963325500488
1.1293851137161255
0.9831989407539368
0.9450452923774719
1.1167320013046265
0.8196946978569031
0.7356876730918884
1.1497926712036133
0.962831437587738
0.9898141622543335
0.9451320171356201
0.6312256455421448
0.9626903533935547
0.8734773993492126
0.9211126565933228
1.1181620359420776
1.0853934288024902
0.7169090509414673
1.0144766569137573
0.7501307725906372
0.8076151609420776
0.8037666082382202
0.6390242576599121
0.8393887281417847
0.9563649296760559
0.6900556683540344
0.7154455780982971
0.8517113327980042
0.6937429904937744
0.669975996017456
0.9616450071334839
0.6746681332588196
0.73610919713974
0.6640715599060059
0.8372088670730591
0.7399730086326599
1.0471855401992798
0.6848503947257996
0.9654918313026428
0.9248092770576477
0.9608976244926453
0.7563161253929138
0.9300258159637451
0.7868590354919434
0.8857784271240234
0.6406340599060059
1.176619052886963
0.8366652131080627
0.6221906542778015
1.0275487899780273
0.8069729804992676
0.7402606010437012
0.9360123872756958
0.8004499673843384
0.8806119561195374
0.7774568200111389
1.00038480758667
0.7455912232398987
0.7707400321960449
0.6782023906707764
0.7267343401908875
0.754621684551239
0.610302746295929
0.577032208442688
0.6426233053207397
0.7714327573776245
0.5192137956619263
0.8307895064353943
1.0756219625473022
0.8631501197814941
0.8080123066902161
0.7138336300849915
0.7082429528236389
0.9044389128684998
0.7076677680015564
0.5484062433242798
0.7700805068016052
0.9649168848991394
0.6352121233940125
0.8900606036186218
0.7552370429039001
0.7991983890533447
0.8448220491409302
0.8100618720054626
0.901923418045044
0.7818706035614014
0.5908287763595581
0.6392419338226318
0.6090951561927795
0.6785539984703064
0.6280778050422668
0.8605325222015381
0.6879897117614746
0.5560439229011536
0.7893996238708496
0.7150537371635437
1.1613426208496094
0.6254668831825256
0.5415430665016174
0.9404062628746033
0.744959831237793
0.729277491569519
0.6624027490615845
0.8629085421562195
0.8848156929016113
0.6105057001113892
0.8286855220794678
0.6924462914466858
0.7113746404647827
0.6340718865394592
0.6099283695220947
0.8085452914237976
0.6867074966430664
0.7984644174575806
0.6842167377471924
0.7763158679008484
0.5288392901420593
0.7280486226081848
0.6746671199798584
0.5101685523986816
0.4917033314704895
0.6196259260177612
0.6882582306861877
0.864212155342102
0.8553950786590576
0.5987536907196045
0.5949934720993042
0.46668741106987
0.7945218086242676
0.4713704288005829
0.8697298169136047
0.5221901535987854
0.543961763381958
0.9500930905342102
0.7281118631362915
0.5886723399162292
0.5877711176872253
0.7304722666740417
0.44781818985939026
0.7727805972099304
0.7559285163879395
0.6362365484237671
0.6666188836097717
0.7313860058784485
0.5066644549369812
0.4953048825263977
0.8068093657493591
0.7139856815338135
0.6012822985649109
0.5659675002098083
0.5551011562347412
0.6354053020477295
0.5793359875679016
0.44531604647636414
1.018338680267334
0.8804399371147156
0.6935209631919861
0.5831828713417053
0.49925562739372253
0.8719586133956909
0.49185627698898315
0.4821164011955261
0.7557941675186157
0.8500783443450928
0.7445489764213562
0.5578722953796387
0.4506623446941376
0.4983676075935364
0.9959818720817566
0.6057882905006409
0.4994927942752838
0.6023187041282654
0.8872137665748596
0.5990855097770691
0.5267664194107056
0.5100269317626953
0.611436128616333
0.7802708745002747
0.7372081875801086
0.6971206068992615
0.6864839196205139
1.1411579847335815
0.5222561955451965
0.528121292591095
0.8354550004005432
0.7123610377311707
0.7995888590812683
0.5394989252090454
0.58489590883255
0.5389083623886108
0.5872782468795776
0.6127341985702515
0.42447394132614136
0.7016617655754089
0.505723237991333
0.6108105182647705
0.6348406076431274
0.4613517224788666
0.5445239543914795
0.5394566059112549
0.46047618985176086
0.6056420207023621
0.542497992515564
0.6329924464225769
0.4536833167076111
0.7533828616142273
0.5610108971595764
0.4293771982192993
0.7661083936691284
0.6842436790466309
0.7328924536705017
0.843919575214386
0.3962429165840149
0.5451182126998901
0.45633915066719055
0.5826202630996704
0.7771055102348328
0.4462638199329376
0.4754451513290405
0.6899757981300354
0.6893050670623779
0.6728229522705078
0.5534083843231201
0.5553563833236694
0.5235043168067932
0.4442313611507416
0.8045921921730042
0.5124450922012329
0.3857594430446625
0.5477539300918579
0.6649767160415649
0.5933673977851868
0.46874359250068665
0.4245365560054779
0.4427701234817505
0.5288437008857727
0.628594160079956
0.5216454267501831
0.5291666388511658
0.5505605936050415
0.5818771123886108
0.5662398934364319
0.4219314157962799
0.5943865180015564
0.5747725963592529
0.4964819848537445
0.441316694021225
0.60189288854599
0.5810282230377197
0.4500828683376312
0.4690108299255371
0.4288843274116516
0.5143373608589172
0.5825906991958618
0.6978893280029297
0.597913920879364
0.4201085865497589
0.4893142282962799
0.486944317817688
0.31040871143341064
0.5231018662452698
0.4811568260192871
0.6858878135681152
0.4512660801410675
0.483463853597641
0.5544905066490173
0.582444965839386
0.623136579990387
0.43819764256477356
0.5176787376403809
0.429075688123703
0.3761819303035736
0.6940131187438965
0.45343491435050964
0.392813503742218
0.4646297097206116
0.5143377780914307
0.554539144039154
0.4853493869304657
0.45124897360801697
0.7643954157829285
0.6181544065475464
0.5354005694389343
0.4323926866054535
0.5632322430610657
0.6203371286392212
0.6222543120384216
0.5424201488494873
0.5236442685127258
0.4170832931995392
0.5474490523338318
0.341939240694046
0.453809916973114
0.5732774138450623
0.5437946319580078
0.5532947778701782
0.4034002125263214
0.5011636018753052
0.5343424677848816
0.672798216342926
0.48998406529426575
0.7189396619796753
0.495675265789032
0.40836530923843384
0.40615054965019226
0.5211357474327087
0.3646761178970337
0.43795251846313477
0.503481924533844
0.4898544251918793
0.3535238206386566
0.5719037652015686
0.48503026366233826
0.7145907282829285
0.4823007583618164
0.4866769313812256
0.6484134793281555
0.6425909996032715
0.47118937969207764
0.66138756275177
0.6368622779846191
0.6488115191459656
0.5592797994613647
0.4235575497150421
0.4399822950363159
0.41277897357940674
0.4995591342449188
0.3697923719882965
0.4564305245876312
0.5669010877609253
0.4113621413707733
0.41641953587532043
0.5584651231765747
0.5523030757904053
0.4508460462093353
0.3362998366355896
0.3485046625137329
0.4197177588939667
0.5370237231254578
0.3936057388782501
0.3118329644203186
0.31223881244659424
0.38237303495407104
0.5187461376190186
0.3839520812034607
0.5912381410598755
0.4095936417579651
0.2865176498889923
0.4897259473800659
0.4767210781574249
0.3499561846256256
0.6531739234924316
0.48386260867118835
0.42793065309524536
0.6434239149093628
0.4094097316265106
0.36562666296958923
0.5499565005302429
0.396015465259552
0.6327967047691345
0.41669073700904846
0.4677816331386566
0.5583215355873108
0.5143954157829285
0.450713187456131
0.640953004360199
0.5719555616378784
0.5029481053352356
0.41020408272743225
0.5521865487098694
0.34685763716697693
0.47018417716026306
0.47096893191337585
0.6163360476493835
0.42652952671051025
0.512845516204834
0.424750953912735
0.43630868196487427
0.4240555167198181
0.2373557984828949
0.36817604303359985
0.6009906530380249
0.4888453185558319
0.27273717522621155
0.3804827928543091
0.5127959251403809
0.3103531301021576
0.2711094617843628
0.5053950548171997
0.4858424961566925
0.6009406447410583
0.5343095660209656
0.5192005634307861
0.5431668162345886
0.49818146228790283
0.3755233883857727
0.5286790132522583
0.4753751754760742
0.40419119596481323
0.4357813596725464
0.4255622625350952
0.3524590730667114
0.3710032105445862
0.38043248653411865
0.3467378318309784
0.5034331679344177
0.5377790331840515
0.4744586646556854
0.5319774746894836
0.3337959945201874
0.3583613336086273
0.38794150948524475
0.4469515383243561
0.6984889507293701
0.6024097204208374
0.3580085039138794
0.33722132444381714
0.28295838832855225
0.37822410464286804
0.34716668725013733
0.33253422379493713
0.5492522120475769
0.537563145160675
0.5343911051750183
0.3724128007888794
0.4307427406311035
0.44504642486572266
0.2914024889469147
0.3544909656047821
0.2834557592868805
0.39304691553115845
0.5517867803573608
0.3749704360961914
0.3915055990219116
0.4191402494907379
0.346600204706192
0.4310918152332306
0.40663936734199524
0.352386474609375
0.3937888443470001
0.4516948461532593
0.2670094668865204
0.42076098918914795
0.4935557544231415
0.5696496367454529
0.35004138946533203
0.4456833004951477
0.45076873898506165
0.24140767753124237
0.33653125166893005
0.43207255005836487
0.35492509603500366
0.4158821403980255
0.5171677470207214
0.6045216917991638
0.30965760350227356
0.3959716558456421
0.38027799129486084
0.32494497299194336
0.4719056785106659
0.25400203466415405
0.5022161602973938
0.498623251914978
0.36494681239128113
0.373363196849823
0.6375718116760254
0.7632745504379272
0.4920656979084015
0.5913103222846985
0.2926236391067505
0.497611403465271
0.4053160846233368
0.39789918065071106
0.37752702832221985
0.33143994212150574
0.4600403308868408
0.5573232769966125
0.4455730617046356
0.3590092360973358
0.4577473998069763
0.3774121105670929
0.2803662419319153
0.36850404739379883
0.5779505372047424
0.4198824465274811
0.7260348796844482
0.5483179688453674
0.48155030608177185
0.3940288722515106
0.390175461769104
0.5857269763946533
0.49020013213157654
0.35802021622657776
0.49687814712524414
0.35018080472946167
0.48694804310798645
0.5142195224761963
0.30130377411842346
0.49079829454421997
0.6897711157798767
0.4087890088558197
0.6342304944992065
0.4688422679901123
0.3575953245162964
0.42209917306900024
0.3552373945713043
0.46165740489959717
0.34128907322883606
0.4563758373260498
0.3489353656768799
0.19330301880836487
0.5584878325462341
0.37200212478637695
0.24265876412391663
0.4291258752346039
0.4501914083957672
0.32735496759414673
0.36767682433128357
0.3148699998855591
0.34292396903038025
0.3878791928291321
0.4689495861530304
0.2438359558582306
0.4142830967903137
0.5502612590789795
0.5245990753173828
0.3414511978626251
0.3191961646080017
0.33751389384269714
0.21632619202136993
0.3554290235042572
0.5800572037696838
0.46872833371162415
0.33776718378067017
0.4232197701931
0.3891657292842865
0.35123971104621887
0.3064627945423126
0.28682515025138855
0.3317255973815918
0.4841928482055664
0.41234660148620605
0.6141573190689087
0.40966618061065674
0.3787737786769867
0.28639280796051025
0.5037622451782227
0.47284290194511414
0.32904893159866333
0.7031891942024231
0.45059677958488464
0.30308905243873596
0.4858187735080719
0.39424940943717957
0.44593581557273865
0.5385947227478027
0.31842097640037537
0.2996211349964142
0.4811779856681824
0.32160690426826477
0.3678436875343323
0.34594035148620605
0.4135020077228546
0.33593371510505676
0.3742732107639313
0.432412326335907
0.3714868128299713
0.376449853181839
0.3773520886898041
0.26414498686790466
0.4082193672657013
0.3977414071559906
0.3603956997394562
0.36654794216156006
0.43374913930892944
0.3125174939632416
0.3686147928237915
0.34105992317199707
0.3320924639701843
0.5523846745491028
0.3054409921169281
0.2524392306804657
0.5066704154014587
0.48566579818725586
0.39786866307258606
0.38714489340782166
0.4232410788536072
0.7492575645446777
0.4509959816932678
0.28482139110565186
0.44743266701698303
0.45587223768234253
0.3277752995491028
0.6852420568466187
0.4338828921318054
0.35155266523361206
0.4168134331703186
0.24195094406604767
0.3883088529109955
0.5777769684791565
0.38509419560432434
0.5479152798652649
0.3951532244682312
0.28618574142456055
0.2846359610557556
0.3536210358142853
0.339124470949173
0.5659892559051514
0.39861932396888733
0.25771579146385193
0.4178788363933563
0.371094673871994
0.40547001361846924
0.4540810286998749
0.48532286286354065
0.2921920120716095
0.6657378077507019
0.3276069462299347
0.30729782581329346
0.2984977066516876
0.42057129740715027
0.46192631125450134
0.25775760412216187
0.4514060318470001
0.30136898159980774
0.3224286139011383
0.325528085231781
0.3390929698944092
0.36670735478401184
0.33533674478530884
0.2536885142326355
0.23230484127998352
0.3366393446922302
0.25123777985572815
0.3829025626182556
0.33444029092788696
0.3583759069442749
0.41979745030403137
0.26601770520210266
0.3606140911579132
0.2354162037372589
0.25676214694976807
0.43643978238105774
0.318453848361969
0.38683563470840454
0.3444438874721527
0.33565372228622437
0.4875468909740448
0.28511783480644226
0.6841716766357422
0.4525103271007538
0.5884655117988586
0.44438719749450684
0.37190699577331543
0.32378652691841125
0.21350590884685516
0.4258040487766266
0.44155868887901306
0.31281915307044983
0.3386298418045044
0.2901804447174072
0.4914008677005768
0.30694761872291565
0.3294784426689148
0.3890396058559418
0.4235326051712036
0.38693690299987793
0.43094757199287415
0.35219869017601013
0.4490989148616791
0.2619032859802246
0.32603928446769714
0.3956783711910248
0.4628693759441376
0.2556619644165039
0.4136336147785187
0.28213971853256226
0.4441313147544861
0.3158518671989441
0.28622451424598694
0.25729209184646606
0.39856675267219543
0.43483439087867737
0.39232730865478516
0.25991690158843994
0.4700659215450287
0.3044930398464203
0.39196091890335083
0.41826021671295166
0.5042737722396851
0.49274128675460815
0.29419663548469543
0.33498355746269226
0.40994158387184143
0.32347095012664795
0.32131218910217285
0.41489383578300476
0.31574922800064087
0.2551073729991913
0.5101169347763062
0.3872746527194977
0.35231032967567444
0.4990708529949188
0.2960208058357239
0.5088785886764526
0.4791138172149658
0.43490809202194214
0.30493056774139404
0.32350650429725647
0.5368073582649231
0.2811650037765503
0.31949225068092346
0.3348862826824188
0.4009746313095093
0.329656183719635
0.2799665629863739
0.4970153868198395
0.3783891797065735
0.3921236991882324
0.37348824739456177
0.4260405898094177
0.3152836561203003
0.38928619027137756
0.334041029214859
0.47898727655410767
0.3398342430591583
0.33219391107559204
0.28717097640037537
0.25431910157203674
0.43813440203666687
0.3345881998538971
0.468895822763443
0.3590514063835144
0.27086544036865234
0.37577006220817566
0.28527775406837463
0.4352818429470062
0.30817297101020813
0.3545403480529785
0.35828590393066406
0.4188986122608185
0.24566812813282013
0.4532221555709839
0.37292245030403137
0.2451462745666504
0.290328711271286
0.2912006676197052
0.2707235515117645
0.39986488223075867
0.2735883891582489
0.3430468440055847
0.3251289427280426
0.43640249967575073
0.38237395882606506
0.46779000759124756
0.4130411744117737
0.33177700638771057
0.3553566634654999
0.32455313205718994
0.6828505992889404
0.3330286145210266
0.233093723654747
0.38738206028938293
0.4124031960964203
0.5108045339584351
0.2191954106092453
0.1581583023071289
0.45961329340934753
0.21063891053199768
0.3557928800582886
0.3094092905521393
0.2733769118785858
0.2798513174057007
0.3273826539516449
0.34668317437171936
0.5031014680862427
0.27665260434150696
0.20743025839328766
0.31109657883644104
0.30732062458992004
0.45015308260917664
0.32967883348464966
0.30498164892196655
0.31354716420173645
0.5694888234138489
0.2407079041004181
0.4543924033641815
0.24951718747615814
0.3976323902606964
0.5482977628707886
0.3744347393512726
0.3516843020915985
0.2740713059902191
0.29582345485687256
0.30482813715934753
0.3357142508029938
0.42791733145713806
0.3794710338115692
0.4744497239589691
0.1732674390077591
0.311704158782959
0.33668360114097595
0.3377930819988251
0.3819596767425537
0.3293200731277466
0.23268048465251923
0.7789883613586426
0.28049758076667786
0.35466453433036804
0.2533613443374634
0.20023289322853088
0.26641514897346497
0.25785988569259644
0.3009260296821594
0.28669100999832153
0.45575082302093506
0.29955539107322693
0.3160838186740875
0.35680732131004333
0.24668698012828827
0.2065826952457428
0.3297902047634125
0.27210667729377747
0.5077734589576721
0.341303288936615
0.3142372667789459
0.582061767578125
0.3337298035621643
0.302829772233963
0.289253294467926
0.31423619389533997
0.39220041036605835
0.279029905796051
0.27476635575294495
0.39307549595832825
0.2897777259349823
0.3645859956741333
0.21351735293865204
0.28843921422958374
0.29372864961624146
0.39641743898391724
0.21126359701156616
0.23785795271396637
0.3031981587409973
0.24683131277561188
0.36719435453414917
0.3751976788043976
0.5553238987922668
0.43566036224365234
0.2196129858493805
0.35686179995536804
0.273928165435791
0.298052042722702
0.3736858069896698
0.2785573899745941
0.42722493410110474
0.3365405797958374
0.404920756816864
0.33068880438804626
0.2853730022907257
0.2538212835788727
0.37166428565979004
0.4828242063522339
0.3405812084674835
0.36473548412323
0.2714163064956665
0.26816242933273315
0.27723219990730286
0.4090927839279175
0.21065299212932587
0.46409714221954346
0.23061558604240417
0.37256017327308655
0.569637656211853
0.42162367701530457
0.24463732540607452
0.27578970789909363
0.37462037801742554
0.28013402223587036
0.2382005751132965
0.4330160617828369
0.33423641324043274
0.33625558018684387
0.43410685658454895
0.34200620651245117
0.2967742383480072
0.34893548488616943
0.4681702256202698
0.19547002017498016
0.7108322381973267
0.3959873914718628
0.21954777836799622
0.34129050374031067
0.2986467480659485
0.40956470370292664
