0.18000000715255737
0.25333333015441895
0.3499999940395355
0.3166666626930237
0.2433333396911621
0.36000001430511475
0.36666667461395264
0.3766666650772095
0.34333333373069763
0.38999998569488525
0.2933333218097687
0.3566666543483734
0.2666666805744171
0.3766666650772095
0.44999998807907104
0.3700000047683716
0.3166666626930237
0.4333333373069763
0.46000000834465027
0.46000000834465027
0.4833333194255829
0.4699999988079071
0.44333332777023315
0.49000000953674316
0.4633333384990692
0.5199999809265137
0.4833333194255829
0.4833333194255829
0.5199999809265137
0.5233333110809326
0.44999998807907104
0.5600000023841858
0.5199999809265137
0.5600000023841858
0.5333333611488342
0.5333333611488342
0.6166666746139526
0.5899999737739563
0.6233333349227905
0.6499999761581421
0.5633333325386047
0.5266666412353516
0.5766666531562805
0.5799999833106995
0.596666693687439
0.5666666626930237
0.6200000047683716
0.6800000071525574
0.6833333373069763
0.5333333611488342
0.6933333277702332
0.6100000143051147
0.6499999761581421
0.5899999737739563
0.5933333039283752
0.6033333539962769
0.6266666650772095
0.6366666555404663
0.6633333563804626
0.6700000166893005
0.6833333373069763
0.6766666769981384
0.6299999952316284
0.6233333349227905
0.6133333444595337
0.6066666841506958
0.6366666555404663
0.7599999904632568
0.6566666960716248
0.7200000286102295
0.7166666388511658
0.6933333277702332
0.6733333468437195
0.6800000071525574
0.7133333086967468
0.7633333206176758
0.746666669845581
0.6433333158493042
0.6866666674613953
0.746666669845581
0.653333306312561
0.699999988079071
0.7166666388511658
0.6833333373069763
0.7099999785423279
0.7333333492279053
0.7233333587646484
0.7699999809265137
0.7200000286102295
0.6899999976158142
0.7200000286102295
0.7733333110809326
0.7699999809265137
0.7933333516120911
0.6566666960716248
0.746666669845581
0.7633333206176758
0.6866666674613953
0.6566666960716248
0.6933333277702332
0.70333331823349
0.7333333492279053
0.7333333492279053
0.7699999809265137
0.7200000286102295
0.7333333492279053
0.6666666865348816
0.699999988079071
0.7233333587646484
0.7266666889190674
0.7599999904632568
0.79666668176651
0.7133333086967468
0.7300000190734863
0.7233333587646484
0.7200000286102295
0.800000011920929
0.7166666388511658
0.75
0.7133333086967468
0.7366666793823242
0.7133333086967468
0.79666668176651
0.6833333373069763
0.7666666507720947
0.7566666603088379
0.7900000214576721
0.7733333110809326
0.7833333611488342
0.746666669845581
0.800000011920929
0.800000011920929
0.7599999904632568
0.79666668176651
0.8166666626930237
0.8100000023841858
0.7833333611488342
0.7599999904632568
0.8133333325386047
0.7766666412353516
0.79666668176651
0.7366666793823242
0.8199999928474426
0.6899999976158142
0.75
0.746666669845581
0.7599999904632568
0.7666666507720947
0.7833333611488342
0.753333330154419
0.7933333516120911
0.746666669845581
0.7733333110809326
0.800000011920929
0.7333333492279053
0.7866666913032532
0.7400000095367432
0.746666669845581
0.7833333611488342
0.7366666793823242
0.7333333492279053
0.6866666674613953
0.7799999713897705
0.7733333110809326
0.8266666531562805
0.7733333110809326
0.7799999713897705
0.8233333230018616
0.8266666531562805
0.8333333134651184
0.7933333516120911
0.8433333039283752
0.753333330154419
0.7866666913032532
0.7666666507720947
0.7766666412353516
0.7699999809265137
0.7766666412353516
0.7400000095367432
0.7699999809265137
0.8399999737739563
0.7766666412353516
0.7566666603088379
0.7766666412353516
0.7400000095367432
0.8066666722297668
0.7733333110809326
0.7633333206176758
0.7733333110809326
0.746666669845581
0.7566666603088379
0.8066666722297668
0.8199999928474426
0.8199999928474426
0.7833333611488342
0.8233333230018616
0.7566666603088379
0.8066666722297668
0.8233333230018616
0.753333330154419
0.800000011920929
0.6899999976158142
0.8100000023841858
0.8333333134651184
0.7266666889190674
0.7933333516120911
0.79666668176651
0.8066666722297668
0.7633333206176758
0.7599999904632568
0.8166666626930237
0.7766666412353516
0.8233333230018616
0.7933333516120911
0.8533333539962769
0.7900000214576721
0.7699999809265137
0.8100000023841858
0.800000011920929
0.7699999809265137
0.7733333110809326
0.8299999833106995
0.800000011920929
0.8066666722297668
0.846666693687439
0.8399999737739563
0.7933333516120911
0.7933333516120911
0.7566666603088379
0.7433333396911621
0.800000011920929
0.8199999928474426
0.8600000143051147
0.7799999713897705
0.8433333039283752
0.7633333206176758
0.8566666841506958
0.8333333134651184
0.7566666603088379
0.7799999713897705
0.8133333325386047
0.8700000047683716
0.7733333110809326
0.8533333539962769
0.7799999713897705
0.7733333110809326
0.8033333420753479
0.8299999833106995
0.7799999713897705
0.8533333539962769
0.8333333134651184
0.7733333110809326
0.800000011920929
0.8166666626930237
0.8833333253860474
0.8366666436195374
0.7733333110809326
0.8066666722297668
0.8633333444595337
0.7866666913032532
0.7666666507720947
0.79666668176651
0.8199999928474426
0.8433333039283752
0.753333330154419
0.8533333539962769
0.8333333134651184
0.7766666412353516
0.7866666913032532
0.8133333325386047
0.8233333230018616
0.8733333349227905
0.8399999737739563
0.7866666913032532
0.8199999928474426
0.8233333230018616
0.8266666531562805
0.746666669845581
0.8266666531562805
0.8199999928474426
0.8266666531562805
0.8100000023841858
0.753333330154419
0.7933333516120911
0.7799999713897705
0.7900000214576721
0.75
0.8766666650772095
0.8333333134651184
0.7733333110809326
0.8033333420753479
0.7333333492279053
0.8500000238418579
0.8433333039283752
0.8333333134651184
0.8199999928474426
0.8433333039283752
0.8533333539962769
0.7699999809265137
0.8399999737739563
0.8233333230018616
0.8366666436195374
0.8600000143051147
0.846666693687439
0.8533333539962769
0.8533333539962769
0.8299999833106995
0.8500000238418579
0.8233333230018616
0.8566666841506958
0.7599999904632568
0.8366666436195374
0.8666666746139526
0.7766666412353516
0.7933333516120911
0.8066666722297668
0.7566666603088379
0.8799999952316284
0.8399999737739563
0.8500000238418579
0.8333333134651184
0.8233333230018616
0.8733333349227905
0.8266666531562805
0.7833333611488342
0.8166666626930237
0.7866666913032532
0.8333333134651184
0.8166666626930237
0.8166666626930237
0.846666693687439
0.8199999928474426
0.8566666841506958
0.8833333253860474
0.8399999737739563
0.8166666626930237
0.8233333230018616
0.8433333039283752
0.8633333444595337
0.8500000238418579
0.8399999737739563
0.8366666436195374
0.8266666531562805
0.8333333134651184
0.8199999928474426
0.8299999833106995
0.8233333230018616
0.8766666650772095
0.8500000238418579
0.8333333134651184
0.8533333539962769
0.8433333039283752
0.8100000023841858
0.8100000023841858
0.8733333349227905
0.8166666626930237
0.8633333444595337
0.8666666746139526
0.8299999833106995
0.8233333230018616
0.8166666626930237
0.8633333444595337
0.8533333539962769
0.8566666841506958
0.903333306312561
0.8433333039283752
0.8766666650772095
0.8366666436195374
0.8600000143051147
0.8433333039283752
0.8100000023841858
0.8166666626930237
0.8333333134651184
0.8566666841506958
0.8366666436195374
0.8733333349227905
0.8733333349227905
0.8299999833106995
0.8700000047683716
0.8799999952316284
0.8533333539962769
0.8366666436195374
0.8366666436195374
0.8700000047683716
0.8333333134651184
0.8133333325386047
0.8233333230018616
0.8500000238418579
0.8833333253860474
0.8566666841506958
0.8399999737739563
0.8299999833106995
0.8233333230018616
0.8166666626930237
0.8566666841506958
0.846666693687439
0.9100000262260437
0.8366666436195374
0.8766666650772095
0.8366666436195374
0.8399999737739563
0.8866666555404663
0.8666666746139526
0.8566666841506958
0.8266666531562805
0.846666693687439
0.800000011920929
0.846666693687439
0.8633333444595337
0.903333306312561
0.8633333444595337
0.8700000047683716
0.8500000238418579
0.846666693687439
0.8399999737739563
0.8866666555404663
0.8266666531562805
0.8533333539962769
0.846666693687439
0.8799999952316284
0.8566666841506958
0.7900000214576721
0.8166666626930237
0.8366666436195374
0.8233333230018616
0.8066666722297668
0.8199999928474426
0.8799999952316284
0.8566666841506958
0.8566666841506958
0.8666666746139526
0.8799999952316284
0.8966666460037231
0.8433333039283752
0.8533333539962769
0.8566666841506958
0.8500000238418579
0.8533333539962769
0.8533333539962769
0.8833333253860474
0.8999999761581421
0.903333306312561
0.8700000047683716
0.8500000238418579
0.8766666650772095
0.903333306312561
0.8966666460037231
0.8833333253860474
0.8233333230018616
0.8899999856948853
0.8166666626930237
0.8933333158493042
0.9133333563804626
0.8566666841506958
0.8500000238418579
0.8866666555404663
0.8266666531562805
0.8533333539962769
0.8866666555404663
0.79666668176651
0.8700000047683716
0.8833333253860474
0.8666666746139526
0.8833333253860474
0.8199999928474426
0.8566666841506958
0.8666666746139526
0.8399999737739563
0.8566666841506958
0.8500000238418579
0.8266666531562805
0.8233333230018616
0.8266666531562805
0.8700000047683716
0.8299999833106995
0.9066666960716248
0.8633333444595337
0.8766666650772095
0.8233333230018616
0.8833333253860474
0.8533333539962769
0.846666693687439
0.8633333444595337
0.8500000238418579
0.9399999976158142
0.8933333158493042
0.8199999928474426
0.8299999833106995
0.9166666865348816
0.8766666650772095
0.8600000143051147
0.903333306312561
0.9066666960716248
0.8500000238418579
0.8500000238418579
0.8233333230018616
0.846666693687439
0.8566666841506958
0.8233333230018616
0.8600000143051147
0.8733333349227905
0.8433333039283752
0.8433333039283752
0.8899999856948853
0.8566666841506958
0.8866666555404663
0.9200000166893005
0.8799999952316284
0.8999999761581421
0.8999999761581421
0.8633333444595337
0.8433333039283752
0.8600000143051147
0.8299999833106995
0.8999999761581421
0.8999999761581421
0.8933333158493042
0.8633333444595337
0.8199999928474426
0.8299999833106995
0.8899999856948853
0.9166666865348816
0.903333306312561
0.8933333158493042
0.8866666555404663
0.9133333563804626
0.8566666841506958
0.8399999737739563
0.8533333539962769
0.8766666650772095
0.8799999952316284
0.8399999737739563
0.9166666865348816
0.8999999761581421
0.9066666960716248
0.8899999856948853
0.8633333444595337
0.8866666555404663
0.8866666555404663
0.8899999856948853
0.8866666555404663
0.8666666746139526
0.8866666555404663
0.8933333158493042
0.8733333349227905
0.8500000238418579
0.8866666555404663
0.8566666841506958
0.8533333539962769
0.8266666531562805
0.8899999856948853
0.8566666841506958
0.8633333444595337
0.9200000166893005
0.9100000262260437
0.8899999856948853
0.8999999761581421
0.8933333158493042
0.8566666841506958
0.8433333039283752
0.9066666960716248
0.8799999952316284
0.8766666650772095
0.8933333158493042
0.8433333039283752
0.9233333468437195
0.8399999737739563
0.8333333134651184
0.8799999952316284
0.9133333563804626
0.846666693687439
0.8166666626930237
0.8299999833106995
0.8100000023841858
0.9166666865348816
0.8399999737739563
0.8500000238418579
0.8633333444595337
0.8899999856948853
0.9266666769981384
0.8533333539962769
0.846666693687439
0.8966666460037231
0.8933333158493042
0.8566666841506958
0.9133333563804626
0.9166666865348816
0.8833333253860474
0.8399999737739563
0.8566666841506958
0.7900000214576721
0.8799999952316284
0.8799999952316284
0.8700000047683716
0.8899999856948853
0.8333333134651184
0.8333333134651184
0.8766666650772095
0.8700000047683716
0.9100000262260437
0.8633333444595337
0.8399999737739563
0.9166666865348816
0.8633333444595337
0.8666666746139526
0.8733333349227905
0.8433333039283752
0.8600000143051147
0.8899999856948853
0.8766666650772095
0.8999999761581421
0.8600000143051147
0.8999999761581421
0.8766666650772095
0.903333306312561
0.9399999976158142
0.8766666650772095
0.8766666650772095
0.9100000262260437
0.8799999952316284
0.8733333349227905
0.8966666460037231
0.8799999952316284
0.8866666555404663
0.8799999952316284
0.8866666555404663
0.8666666746139526
0.9300000071525574
0.903333306312561
0.8700000047683716
0.8533333539962769
0.8700000047683716
0.903333306312561
0.8933333158493042
0.9300000071525574
0.9066666960716248
0.8199999928474426
0.8366666436195374
0.903333306312561
0.8866666555404663
0.8733333349227905
0.8799999952316284
0.903333306312561
0.9266666769981384
0.9066666960716248
0.846666693687439
0.8833333253860474
0.8533333539962769
0.8566666841506958
0.8866666555404663
0.9266666769981384
0.8799999952316284
0.8333333134651184
0.8899999856948853
0.8033333420753479
0.8733333349227905
0.9166666865348816
0.8399999737739563
0.8766666650772095
0.8733333349227905
0.8866666555404663
0.9133333563804626
0.8799999952316284
0.8733333349227905
0.9100000262260437
0.8866666555404663
0.8933333158493042
0.8799999952316284
0.8999999761581421
0.8966666460037231
0.8666666746139526
0.903333306312561
0.8700000047683716
0.8899999856948853
0.9166666865348816
0.8666666746139526
0.8733333349227905
0.8999999761581421
0.8866666555404663
0.8700000047683716
0.903333306312561
0.8799999952316284
0.8933333158493042
0.9100000262260437
0.8799999952316284
0.903333306312561
0.9200000166893005
0.8533333539962769
0.8399999737739563
0.8833333253860474
0.8866666555404663
0.8799999952316284
0.800000011920929
0.8799999952316284
0.9233333468437195
0.8899999856948853
0.8833333253860474
0.8899999856948853
0.8433333039283752
0.8666666746139526
0.8799999952316284
0.8666666746139526
0.9366666674613953
0.8766666650772095
0.8333333134651184
0.8866666555404663
0.7933333516120911
0.8833333253860474
0.9133333563804626
0.9266666769981384
0.8966666460037231
0.903333306312561
0.8133333325386047
0.8933333158493042
0.9233333468437195
0.8766666650772095
0.9066666960716248
0.8866666555404663
0.8600000143051147
0.8766666650772095
0.8999999761581421
0.7766666412353516
0.8966666460037231
0.9066666960716248
0.8966666460037231
0.8666666746139526
0.8766666650772095
0.9233333468437195
0.8500000238418579
0.8866666555404663
0.9100000262260437
0.9066666960716248
0.903333306312561
0.8799999952316284
0.8833333253860474
0.9333333373069763
0.9399999976158142
0.9166666865348816
0.9333333373069763
0.8666666746139526
0.8666666746139526
0.903333306312561
0.8999999761581421
0.9200000166893005
0.8799999952316284
0.9300000071525574
0.9300000071525574
0.8999999761581421
0.9066666960716248
0.903333306312561
0.8766666650772095
0.9100000262260437
0.8633333444595337
0.903333306312561
0.8866666555404663
0.8799999952316284
0.8733333349227905
0.8500000238418579
0.8766666650772095
0.9100000262260437
0.9300000071525574
0.8600000143051147
0.8899999856948853
0.8966666460037231
0.9066666960716248
0.903333306312561
0.8600000143051147
0.8899999856948853
0.9200000166893005
0.8533333539962769
0.8666666746139526
0.8666666746139526
0.8766666650772095
0.8999999761581421
0.8600000143051147
0.9200000166893005
0.9066666960716248
0.8766666650772095
0.846666693687439
0.9266666769981384
0.846666693687439
0.8833333253860474
0.8833333253860474
0.903333306312561
0.8966666460037231
0.9333333373069763
0.8933333158493042
0.8733333349227905
0.8799999952316284
0.9166666865348816
0.846666693687439
0.9399999976158142
0.9100000262260437
0.8933333158493042
0.8600000143051147
0.8399999737739563
0.9200000166893005
0.8866666555404663
0.8766666650772095
0.903333306312561
0.9133333563804626
0.8766666650772095
0.8866666555404663
0.9233333468437195
0.8299999833106995
0.9133333563804626
0.8866666555404663
0.8633333444595337
0.903333306312561
0.8966666460037231
0.8799999952316284
0.8899999856948853
0.8899999856948853
0.8999999761581421
0.8266666531562805
0.9300000071525574
0.9133333563804626
0.9200000166893005
0.8933333158493042
0.8866666555404663
0.8933333158493042
0.8799999952316284
0.9133333563804626
0.8833333253860474
0.8833333253860474
0.8999999761581421
0.8833333253860474
0.8833333253860474
0.9233333468437195
0.8866666555404663
0.8933333158493042
0.8999999761581421
0.9200000166893005
0.9100000262260437
0.8899999856948853
0.8866666555404663
0.8233333230018616
0.8866666555404663
0.9200000166893005
0.8700000047683716
0.9133333563804626
0.8700000047683716
0.9200000166893005
0.8933333158493042
0.8933333158493042
0.8766666650772095
0.9166666865348816
0.8866666555404663
0.9200000166893005
0.9166666865348816
0.9200000166893005
0.8999999761581421
0.8933333158493042
0.8666666746139526
0.903333306312561
0.9166666865348816
0.8999999761581421
0.8533333539962769
0.8633333444595337
0.8366666436195374
0.8833333253860474
0.8999999761581421
0.8799999952316284
0.9200000166893005
0.8433333039283752
0.9100000262260437
0.9200000166893005
0.8966666460037231
0.8833333253860474
0.8633333444595337
0.9333333373069763
0.9433333277702332
0.8933333158493042
0.9466666579246521
0.8933333158493042
0.9133333563804626
0.9133333563804626
0.9066666960716248
0.8733333349227905
0.903333306312561
0.8766666650772095
0.9066666960716248
0.9333333373069763
0.8966666460037231
0.9300000071525574
0.8866666555404663
0.903333306312561
0.9166666865348816
0.8866666555404663
0.8500000238418579
0.9200000166893005
0.903333306312561
0.9133333563804626
0.8733333349227905
0.8933333158493042
0.8933333158493042
0.8799999952316284
0.9066666960716248
0.9200000166893005
0.9066666960716248
0.9100000262260437
0.8866666555404663
0.8833333253860474
0.8666666746139526
0.9366666674613953
0.903333306312561
0.8833333253860474
0.8700000047683716
0.8700000047683716
0.9100000262260437
0.9166666865348816
0.8766666650772095
0.8966666460037231
0.9266666769981384
0.9399999976158142
0.9266666769981384
0.9233333468437195
0.9266666769981384
0.9066666960716248
0.9133333563804626
0.8500000238418579
0.9066666960716248
0.9100000262260437
0.8966666460037231
0.9300000071525574
0.9366666674613953
0.8899999856948853
0.8966666460037231
0.8700000047683716
0.8933333158493042
0.9066666960716248
0.7900000214576721
0.8899999856948853
0.8966666460037231
0.9133333563804626
0.8899999856948853
0.8766666650772095
0.9100000262260437
0.9333333373069763
0.9166666865348816
0.9066666960716248
0.9133333563804626
0.9300000071525574
0.8966666460037231
0.8933333158493042
0.9166666865348816
0.9266666769981384
0.9233333468437195
0.8833333253860474
0.9200000166893005
0.8833333253860474
0.9100000262260437
0.8600000143051147
0.8766666650772095
0.9399999976158142
0.8899999856948853
0.9100000262260437
0.8899999856948853
0.8766666650772095
0.9166666865348816
0.8566666841506958
0.9133333563804626
0.8799999952316284
0.8899999856948853
0.9266666769981384
0.9300000071525574
0.8999999761581421
0.8666666746139526
0.8766666650772095
0.8966666460037231
0.9100000262260437
0.9166666865348816
0.9233333468437195
0.8600000143051147
0.9233333468437195
0.8700000047683716
0.9433333277702332
0.8833333253860474
0.8133333325386047
0.8899999856948853
0.9100000262260437
0.9066666960716248
0.9100000262260437
0.9133333563804626
0.9266666769981384
0.8666666746139526
0.903333306312561
0.8999999761581421
0.8966666460037231
0.903333306312561
0.9200000166893005
0.8899999856948853
0.8766666650772095
0.9366666674613953
0.8666666746139526
0.8533333539962769
0.9366666674613953
0.8866666555404663
0.9133333563804626
0.8633333444595337
